2 0.250404 0.610553 0.080775 0.085427
4 0.253635 0.562814 0.012924 0.055276
2 0.306947 0.585427 0.054927 0.070352
2 0.334410 0.576633 0.038772 0.052764
2 0.354604 0.559045 0.033926 0.042714
2 0.364297 0.552764 0.030695 0.035176
4 0.514540 0.533920 0.008078 0.032663
2 0.538772 0.540201 0.024233 0.035176
2 0.596931 0.571608 0.053312 0.057789
2 0.810985 0.672111 0.174475 0.148241
2 0.920840 0.738693 0.158320 0.221106
4 0.927302 0.645729 0.038772 0.125628
4 0.966074 0.633166 0.035541 0.125628
3 0.671244 0.616834 0.069467 0.072864
0 0.173667 0.635678 0.040388 0.110553
