4 0.041087 0.410321 0.026549 0.072758
0 0.039191 0.429780 0.042984 0.054146
2 0.128319 0.418782 0.074589 0.049069
2 0.176359 0.413706 0.056890 0.045685
2 0.219343 0.412860 0.046776 0.037225
2 0.249684 0.410321 0.036662 0.035533
2 0.268015 0.407783 0.032870 0.033841
2 0.292035 0.409475 0.030341 0.027073
2 0.329962 0.413706 0.058154 0.052453
2 0.386220 0.408629 0.163085 0.079526
2 0.606195 0.400169 0.178255 0.076142
2 0.698483 0.399323 0.054362 0.040609
4 0.761694 0.387479 0.039191 0.071066
3 0.762958 0.397631 0.059418 0.084602
2 0.785082 0.394247 0.027813 0.033841
2 0.807206 0.394247 0.031606 0.037225
2 0.832491 0.391709 0.051833 0.042301
2 0.871681 0.391709 0.067004 0.049069
2 0.934260 0.394247 0.078382 0.050761
