0 0.049045 0.821335 0.051215 0.071990
0 0.144531 0.838351 0.040799 0.066754
0 0.100260 0.828534 0.080729 0.078534
2 0.176215 0.825262 0.085069 0.098168
2 0.243490 0.849476 0.065104 0.075916
2 0.302083 0.860602 0.072917 0.071990
4 0.292535 0.824607 0.015625 0.039267
4 0.308160 0.826571 0.015625 0.035340
2 0.368056 0.855366 0.060764 0.064136
2 0.425347 0.859948 0.071181 0.062827
2 0.468316 0.854058 0.068576 0.074607
2 0.504340 0.861257 0.053819 0.068063
2 0.552517 0.863874 0.065104 0.057592
2 0.588976 0.863220 0.056424 0.048429
2 0.618924 0.848822 0.109375 0.079843
2 0.684462 0.854058 0.061632 0.045812
2 0.713976 0.844895 0.063368 0.040576
2 0.738715 0.845550 0.041667 0.036649
2 0.760851 0.842277 0.040799 0.032723
2 0.788628 0.842277 0.046007 0.030105
2 0.835503 0.840969 0.039062 0.032723
2 0.871528 0.834424 0.046875 0.035340
2 0.894965 0.832461 0.052083 0.034031
4 0.939236 0.713351 0.069444 0.280105
4 0.921441 0.716623 0.056424 0.257853
0 0.977865 0.759162 0.044271 0.185864
