4 0.910000 0.698225 0.120000 0.579882
4 0.940833 0.686391 0.061667 0.426036
4 0.844167 0.649408 0.061667 0.369822
4 0.786667 0.625740 0.070000 0.322485
4 0.680000 0.618343 0.060000 0.260355
4 0.602500 0.605030 0.041667 0.204142
4 0.620833 0.602071 0.031667 0.198225
4 0.560000 0.591716 0.046667 0.218935
4 0.525833 0.631657 0.065000 0.251479
4 0.504167 0.603550 0.035000 0.207101
4 0.486667 0.596154 0.030000 0.180473
4 0.406667 0.606509 0.046667 0.189349
4 0.446667 0.639053 0.056667 0.278107
4 0.310000 0.615385 0.036667 0.183432
4 0.211667 0.624260 0.036667 0.183432
