2 0.811250 0.691450 0.262500 0.275093
2 0.765000 0.652416 0.170000 0.226766
1 0.593750 0.537175 0.107500 0.144981
2 0.447500 0.723048 0.280000 0.368030
2 0.343750 0.663569 0.157500 0.204461
2 0.281250 0.637546 0.117500 0.152416
2 0.337500 0.572491 0.090000 0.126394
2 0.226250 0.600372 0.137500 0.144981
2 0.291250 0.592937 0.077500 0.107807
2 0.120000 0.596654 0.080000 0.100372
2 0.033750 0.574349 0.062500 0.070632
4 0.350000 0.197026 0.030000 0.104089
4 0.792500 0.200743 0.035000 0.118959
4 0.888750 0.189591 0.027500 0.111524
