4 0.116997 0.610963 0.115250 0.510695
0 0.118161 0.774064 0.110594 0.414439
2 0.013970 0.653743 0.025611 0.173797
2 0.270081 0.661765 0.074505 0.141711
2 0.319558 0.667112 0.124563 0.168449
4 0.420256 0.653743 0.030268 0.098930
3 0.421420 0.692513 0.034924 0.090909
1 0.429569 0.641711 0.137369 0.149733
2 0.474971 0.673797 0.107101 0.139037
4 0.540745 0.655080 0.019790 0.090909
4 0.560536 0.659091 0.017462 0.098930
4 0.571595 0.652406 0.016298 0.096257
4 0.640861 0.660428 0.015134 0.101604
4 0.653085 0.652406 0.016298 0.090909
2 0.824214 0.681818 0.153667 0.171123
4 0.177532 0.645722 0.017462 0.109626
4 0.206636 0.655080 0.015134 0.090909
4 0.242724 0.657754 0.012806 0.090909
4 0.192666 0.652406 0.012806 0.085561
4 0.599534 0.656417 0.013970 0.098930
