1 0.161100 0.813830 0.102161 0.209220
1 0.240668 0.700355 0.108055 0.166667
2 0.398821 0.707447 0.039293 0.074468
1 0.342829 0.613475 0.041257 0.099291
1 0.395874 0.632979 0.045187 0.095745
1 0.383104 0.544326 0.051081 0.102837
2 0.515717 0.783688 0.049116 0.078014
2 0.590373 0.801418 0.049116 0.070922
2 0.555992 0.668440 0.031434 0.046099
2 0.602161 0.750000 0.045187 0.060284
1 0.674853 0.618794 0.049116 0.109929
1 0.612967 0.618794 0.039293 0.102837
1 0.426326 0.524823 0.027505 0.063830
2 0.549116 0.563830 0.021611 0.035461
2 0.471513 0.535461 0.019646 0.035461
1 0.458743 0.510638 0.029470 0.056738
