4 0.928824 0.773936 0.010588 0.033688
4 0.919412 0.771277 0.010588 0.035461
4 0.911176 0.770390 0.010588 0.037234
4 0.904706 0.771277 0.007059 0.035461
2 0.931176 0.769504 0.024706 0.028369
4 0.717647 0.764184 0.009412 0.042553
4 0.680588 0.755319 0.008235 0.035461
2 0.617059 0.745567 0.015294 0.019504
2 0.598824 0.742021 0.016471 0.019504
2 0.585294 0.742908 0.017647 0.021277
2 0.570588 0.739362 0.016471 0.017730
2 0.552941 0.738475 0.016471 0.019504
2 0.542941 0.742021 0.022353 0.023050
2 0.521765 0.741135 0.029412 0.035461
2 0.471176 0.747340 0.045882 0.040780
1 0.460588 0.726950 0.020000 0.031915
4 0.414118 0.726064 0.007059 0.023050
2 0.333529 0.726064 0.036471 0.030142
2 0.276471 0.722518 0.032941 0.026596
2 0.231176 0.749113 0.121176 0.079787
2 0.184118 0.717199 0.060000 0.040780
2 0.102941 0.713652 0.069412 0.040780
2 0.052941 0.721631 0.103529 0.078014
