2 0.964020 0.929545 0.066998 0.140909
2 0.919355 0.847727 0.062035 0.104545
2 0.949132 0.802273 0.096774 0.122727
2 0.946650 0.745455 0.047146 0.072727
2 0.936725 0.715909 0.042184 0.068182
2 0.905707 0.738636 0.034739 0.050000
2 0.861042 0.954545 0.109181 0.090909
2 0.831266 0.888636 0.084367 0.122727
2 0.862283 0.795455 0.062035 0.090909
2 0.842432 0.754545 0.052109 0.081818
2 0.791563 0.800000 0.064516 0.081818
2 0.774194 0.852273 0.079404 0.122727
2 0.748139 0.775000 0.066998 0.131818
2 0.700993 0.984091 0.081886 0.031818
2 0.674938 0.918182 0.094293 0.127273
2 0.691067 0.872727 0.071960 0.100000
2 0.662531 0.834091 0.069479 0.131818
2 0.698511 0.734091 0.057072 0.113636
2 0.682382 0.704545 0.059553 0.118182
2 0.679901 0.665909 0.049628 0.086364
2 0.679901 0.622727 0.049628 0.081818
2 0.578164 0.956818 0.099256 0.086364
2 0.528536 0.918182 0.094293 0.136364
2 0.531017 0.895455 0.089330 0.127273
2 0.605459 0.822727 0.064516 0.100000
2 0.599256 0.775000 0.057072 0.077273
2 0.586849 0.722727 0.042184 0.063636
2 0.534739 0.809091 0.071960 0.100000
2 0.535980 0.740909 0.059553 0.090909
2 0.615385 0.661364 0.044665 0.077273
2 0.611663 0.600000 0.037221 0.081818
2 0.560794 0.622727 0.039702 0.063636
2 0.563275 0.584091 0.034739 0.059091
2 0.297767 0.931818 0.114144 0.136364
2 0.347395 0.888636 0.074442 0.131818
2 0.369727 0.836364 0.069479 0.100000
2 0.398263 0.786364 0.071960 0.136364
2 0.436725 0.750000 0.054591 0.127273
2 0.445409 0.704545 0.052109 0.081818
2 0.145161 0.934091 0.106700 0.131818
2 0.244417 0.843182 0.101737 0.150000
2 0.301489 0.772727 0.071960 0.109091
2 0.338710 0.759091 0.057072 0.072727
2 0.357320 0.729545 0.049628 0.077273
2 0.397022 0.668182 0.054591 0.081818
2 0.415633 0.588636 0.047146 0.059091
2 0.033499 0.927273 0.062035 0.136364
2 0.040943 0.893182 0.076923 0.122727
2 0.106700 0.818182 0.104218 0.090909
2 0.069479 0.802273 0.064516 0.086364
2 0.186104 0.790909 0.069479 0.127273
2 0.228288 0.768182 0.049628 0.081818
2 0.276675 0.731818 0.057072 0.072727
2 0.289082 0.684091 0.062035 0.095455
2 0.312655 0.686364 0.054591 0.081818
2 0.318859 0.638636 0.081886 0.104545
1 0.106700 0.675000 0.138958 0.186364
