4 0.042021 0.701835 0.041489 0.159633
4 0.005319 0.714679 0.008511 0.082569
4 0.163298 0.705505 0.018085 0.078899
0 0.163830 0.725688 0.017021 0.060550
2 0.236170 0.713761 0.110638 0.124771
4 0.294149 0.703670 0.013830 0.060550
4 0.328723 0.710092 0.017021 0.058716
0 0.328723 0.726606 0.017021 0.047706
4 0.363830 0.710092 0.021277 0.062385
0 0.363298 0.728440 0.018085 0.055046
4 0.381915 0.699083 0.021277 0.066055
0 0.384043 0.725688 0.021277 0.060550
4 0.390957 0.703670 0.020213 0.060550
0 0.393085 0.721101 0.020213 0.058716
4 0.417553 0.694495 0.043617 0.137615
0 0.415957 0.726606 0.046809 0.110092
4 0.446277 0.681651 0.058511 0.192661
0 0.446277 0.738532 0.054255 0.148624
4 0.524468 0.655046 0.123404 0.422018
0 0.522340 0.766055 0.131915 0.321101
4 0.639362 0.658716 0.078723 0.293578
0 0.646809 0.745872 0.110638 0.236697
4 0.725000 0.671560 0.073404 0.286239
0 0.738830 0.741284 0.115957 0.194495
2 0.745213 0.713761 0.173404 0.113761
2 0.628723 0.708257 0.076596 0.088073
2 0.582979 0.713761 0.042553 0.051376
4 0.868617 0.671560 0.086170 0.242202
3 0.886702 0.738532 0.152128 0.188991
4 0.961170 0.659633 0.077660 0.284404
0 0.952128 0.712844 0.095745 0.192661
2 0.822872 0.717431 0.092553 0.121101
2 0.944149 0.685321 0.111702 0.159633
