1 0.931250 0.780000 0.137500 0.200000
1 0.868750 0.710000 0.137500 0.153333
2 0.745000 0.800000 0.075000 0.080000
2 0.597500 0.650000 0.045000 0.060000
2 0.573750 0.615000 0.032500 0.043333
2 0.625000 0.611667 0.045000 0.043333
2 0.648750 0.600000 0.037500 0.053333
2 0.685000 0.588333 0.040000 0.050000
1 0.545000 0.565000 0.045000 0.076667
2 0.588750 0.573333 0.032500 0.046667
2 0.625000 0.573333 0.035000 0.033333
4 0.788750 0.596667 0.012500 0.040000
4 0.893750 0.628333 0.012500 0.043333
4 0.847500 0.618333 0.015000 0.043333
4 0.943750 0.655000 0.012500 0.070000
4 0.953750 0.655000 0.012500 0.070000
2 0.468750 0.626667 0.037500 0.046667
2 0.462500 0.610000 0.035000 0.046667
2 0.408750 0.641667 0.042500 0.050000
4 0.267500 0.693333 0.025000 0.060000
3 0.267500 0.710000 0.025000 0.046667
2 0.125000 0.640000 0.060000 0.060000
2 0.163750 0.628333 0.047500 0.050000
2 0.192500 0.610000 0.065000 0.046667
4 0.256250 0.656667 0.012500 0.060000
4 0.357500 0.568333 0.010000 0.036667
2 0.066250 0.680000 0.052500 0.066667
2 0.021250 0.713333 0.037500 0.066667
