2 0.614545 0.745308 0.029091 0.032172
2 0.639091 0.743968 0.027273 0.029491
2 0.600909 0.741287 0.020000 0.024129
1 0.587273 0.721180 0.025455 0.032172
1 0.493636 0.766756 0.030909 0.053619
2 0.457273 0.780161 0.027273 0.048257
2 0.425455 0.780161 0.036364 0.037534
2 0.371818 0.789544 0.049091 0.050938
2 0.280000 0.815013 0.156364 0.160858
2 0.218182 0.801609 0.076364 0.096515
2 0.094545 0.790885 0.058182 0.058981
2 0.041818 0.801609 0.080000 0.080429
2 0.077273 0.758713 0.045455 0.032172
2 0.053636 0.733244 0.023636 0.034853
2 0.014545 0.738606 0.025455 0.040214
