2 0.914251 0.952899 0.099034 0.094203
2 0.865942 0.902174 0.084541 0.101449
2 0.722222 0.971014 0.096618 0.057971
2 0.707729 0.949275 0.077295 0.094203
2 0.677536 0.867754 0.070048 0.112319
2 0.653382 0.838768 0.055556 0.076087
1 0.652174 0.744565 0.091787 0.155797
1 0.634058 0.655797 0.065217 0.115942
2 0.594203 0.710145 0.053140 0.065217
2 0.538647 0.668478 0.053140 0.068841
2 0.554348 0.699275 0.045894 0.057971
2 0.532609 0.769928 0.060386 0.083333
2 0.554348 0.815217 0.055556 0.072464
2 0.549517 0.838768 0.070048 0.076087
2 0.554348 0.909420 0.070048 0.108696
2 0.562802 0.949275 0.077295 0.094203
2 0.561594 0.965580 0.094203 0.068841
2 0.369565 0.976449 0.101449 0.047101
2 0.396135 0.961957 0.086957 0.076087
2 0.402174 0.940217 0.079710 0.090580
1 0.416667 0.855072 0.094203 0.152174
2 0.434783 0.737319 0.082126 0.090580
2 0.210145 0.963768 0.082126 0.072464
2 0.229469 0.947464 0.082126 0.097826
1 0.240338 0.875000 0.132850 0.192029
2 0.295894 0.903986 0.060386 0.090580
1 0.282609 0.795290 0.106280 0.155797
4 0.115942 0.934783 0.033816 0.108696
3 0.115942 0.961957 0.028986 0.076087
4 0.078502 0.900362 0.026570 0.076087
3 0.078502 0.932971 0.031401 0.083333
4 0.032609 0.954710 0.031401 0.068841
3 0.031401 0.976449 0.028986 0.047101
2 0.542271 0.630435 0.041063 0.050725
2 0.515700 0.597826 0.036232 0.050725
2 0.336957 0.708333 0.060386 0.076087
1 0.353865 0.655797 0.084541 0.101449
1 0.382850 0.637681 0.070048 0.101449
