2 0.679091 0.882060 0.107273 0.156146
2 0.569091 0.578073 0.054545 0.079734
2 0.691818 0.627907 0.063636 0.086379
2 0.764545 0.586379 0.056364 0.083056
2 0.728182 0.558140 0.045455 0.059801
2 0.808182 0.549834 0.041818 0.076412
2 0.737273 0.501661 0.041818 0.066445
2 0.542727 0.485050 0.038182 0.059801
2 0.367273 0.548173 0.050909 0.066445
2 0.315455 0.513289 0.045455 0.069767
2 0.390909 0.506645 0.043636 0.056478
2 0.408182 0.446844 0.030909 0.043189
2 0.348182 0.450166 0.034545 0.049834
2 0.321818 0.421927 0.029091 0.039867
2 0.581818 0.470100 0.032727 0.056478
2 0.530000 0.455150 0.030909 0.046512
2 0.572727 0.435216 0.025455 0.046512
2 0.579091 0.413621 0.030909 0.043189
2 0.558182 0.408638 0.025455 0.046512
2 0.955455 0.576412 0.052727 0.076412
2 0.849091 0.536545 0.043636 0.069767
2 0.958182 0.511628 0.043636 0.053156
2 0.910000 0.496678 0.034545 0.056478
2 0.895455 0.490033 0.030909 0.049834
2 0.878182 0.480066 0.029091 0.049834
2 0.384545 0.406977 0.023636 0.036545
2 0.413636 0.397010 0.027273 0.036545
2 0.504545 0.415282 0.023636 0.033223
2 0.671818 0.450166 0.030909 0.049834
2 0.647273 0.441860 0.029091 0.046512
