2 0.970000 0.924812 0.060000 0.097744
2 0.859375 0.967105 0.091250 0.065789
2 0.621250 0.953947 0.082500 0.092105
2 0.419375 0.980263 0.073750 0.039474
2 0.299375 0.981203 0.081250 0.037594
2 0.193750 0.970865 0.090000 0.058271
2 0.016875 0.937970 0.031250 0.105263
2 0.048750 0.912594 0.072500 0.084586
2 0.050000 0.859962 0.075000 0.073308
2 0.090625 0.866541 0.043750 0.052632
2 0.097500 0.825188 0.067500 0.067669
2 0.143750 0.807331 0.057500 0.062030
2 0.165625 0.780075 0.053750 0.063910
2 0.189375 0.765038 0.046250 0.056391
2 0.213750 0.741541 0.040000 0.046992
2 0.087500 0.784774 0.055000 0.058271
2 0.032500 0.753759 0.047500 0.056391
2 0.110625 0.709586 0.041250 0.046992
2 0.150000 0.690789 0.035000 0.039474
2 0.269375 0.679511 0.041250 0.058271
2 0.295625 0.652256 0.038750 0.045113
2 0.316875 0.634398 0.026250 0.035714
2 0.305000 0.600564 0.032500 0.035714
2 0.196250 0.942669 0.087500 0.095865
2 0.250625 0.900376 0.071250 0.090226
2 0.277500 0.871241 0.057500 0.077068
2 0.299375 0.840226 0.061250 0.071429
2 0.310625 0.809211 0.056250 0.062030
2 0.320625 0.794173 0.043750 0.058271
2 0.355000 0.778195 0.042500 0.060150
2 0.361250 0.759398 0.045000 0.048872
2 0.381250 0.742481 0.040000 0.048872
2 0.401875 0.718045 0.038750 0.052632
2 0.422500 0.705827 0.022500 0.031955
1 0.421875 0.669173 0.046250 0.078947
2 0.326875 0.955827 0.083750 0.088346
2 0.360000 0.917293 0.077500 0.093985
2 0.376875 0.869361 0.066250 0.073308
2 0.396250 0.834586 0.055000 0.063910
2 0.400625 0.807331 0.056250 0.069549
2 0.418750 0.793233 0.045000 0.056391
2 0.427500 0.763158 0.050000 0.086466
2 0.443750 0.744361 0.037500 0.063910
2 0.451250 0.715226 0.042500 0.046992
2 0.463125 0.708647 0.036250 0.037594
2 0.474375 0.696429 0.031250 0.039474
2 0.451875 0.961466 0.086250 0.077068
2 0.465000 0.911654 0.072500 0.101504
2 0.480625 0.844925 0.061250 0.077068
2 0.487500 0.796053 0.055000 0.073308
2 0.501250 0.769737 0.045000 0.050752
2 0.503750 0.736842 0.037500 0.041353
2 0.507500 0.718045 0.037500 0.037594
2 0.515625 0.706767 0.031250 0.033835
1 0.526250 0.668233 0.030000 0.043233
2 0.676875 0.828947 0.066250 0.093985
2 0.613125 0.821429 0.053750 0.063910
2 0.686875 0.795113 0.046250 0.056391
1 0.648125 0.701128 0.056250 0.109023
2 0.588750 0.695489 0.030000 0.037594
2 0.612500 0.665414 0.025000 0.030075
2 0.578750 0.671992 0.022500 0.028195
2 0.576250 0.656955 0.020000 0.024436
2 0.841250 0.895677 0.075000 0.084586
2 0.842500 0.859023 0.062500 0.060150
2 0.831250 0.834586 0.055000 0.063910
2 0.819375 0.810150 0.051250 0.056391
2 0.828750 0.780075 0.052500 0.056391
2 0.781250 0.768797 0.050000 0.067669
2 0.845000 0.765038 0.045000 0.067669
2 0.873750 0.732143 0.035000 0.046992
2 0.865000 0.709586 0.030000 0.035714
2 0.836875 0.695489 0.036250 0.048872
2 0.815000 0.674812 0.020000 0.026316
2 0.914375 0.669173 0.026250 0.026316
