2 0.961818 0.955738 0.072727 0.088525
1 0.971818 0.544262 0.056364 0.150820
2 0.927273 0.539344 0.040000 0.055738
2 0.894545 0.521311 0.040000 0.052459
2 0.875455 0.473770 0.027273 0.042623
2 0.863636 0.488525 0.036364 0.045902
2 0.840000 0.454098 0.032727 0.049180
2 0.785455 0.470492 0.032727 0.042623
2 0.802727 0.454098 0.023636 0.036066
2 0.774545 0.445902 0.025455 0.039344
2 0.749091 0.447541 0.025455 0.036066
2 0.736364 0.432787 0.025455 0.045902
2 0.720909 0.421311 0.023636 0.042623
1 0.683636 0.418033 0.032727 0.062295
2 0.653636 0.408197 0.030909 0.042623
2 0.836364 0.900000 0.116364 0.160656
2 0.844545 0.821311 0.121818 0.167213
2 0.736364 0.739344 0.072727 0.114754
2 0.725455 0.688525 0.065455 0.078689
2 0.696364 0.652459 0.058182 0.078689
2 0.661818 0.619672 0.047273 0.072131
2 0.669091 0.595082 0.040000 0.062295
1 0.644545 0.567213 0.056364 0.111475
2 0.621818 0.552459 0.040000 0.062295
2 0.610909 0.539344 0.036364 0.049180
2 0.608182 0.521311 0.034545 0.045902
2 0.590909 0.521311 0.025455 0.039344
2 0.689091 0.918033 0.112727 0.163934
2 0.630909 0.745902 0.080000 0.114754
2 0.614545 0.686885 0.061818 0.095082
2 0.606364 0.650820 0.060000 0.075410
2 0.596364 0.609836 0.050909 0.078689
2 0.585455 0.580328 0.043636 0.065574
2 0.563636 0.557377 0.036364 0.052459
2 0.558182 0.526230 0.032727 0.049180
2 0.431818 0.688525 0.063636 0.098361
2 0.472727 0.550820 0.036364 0.052459
2 0.482727 0.526230 0.023636 0.029508
2 0.486364 0.508197 0.023636 0.026230
2 0.224545 0.972131 0.110909 0.055738
2 0.274545 0.781967 0.090909 0.154098
2 0.348182 0.660656 0.056364 0.081967
2 0.390000 0.604918 0.045455 0.062295
2 0.414545 0.567213 0.040000 0.052459
2 0.432727 0.534426 0.029091 0.039344
2 0.444545 0.519672 0.020000 0.029508
2 0.026364 0.683607 0.049091 0.088525
2 0.024545 0.591803 0.045455 0.062295
2 0.030909 0.560656 0.047273 0.052459
2 0.080909 0.529508 0.045455 0.055738
2 0.125455 0.511475 0.040000 0.052459
2 0.178182 0.544262 0.040000 0.078689
2 0.187273 0.491803 0.029091 0.039344
2 0.234545 0.485246 0.036364 0.045902
2 0.260909 0.452459 0.027273 0.039344
2 0.308182 0.463934 0.023636 0.036066
2 0.302727 0.439344 0.027273 0.039344
2 0.342727 0.436066 0.016364 0.026230
