2 0.224018 0.877841 0.064665 0.056818
2 0.297921 0.967330 0.078522 0.059659
2 0.312933 0.919034 0.071594 0.071023
2 0.321016 0.872159 0.055427 0.051136
2 0.435335 0.845170 0.057737 0.082386
2 0.363741 0.801136 0.053118 0.051136
2 0.303695 0.767045 0.043880 0.051136
1 0.265589 0.732955 0.050808 0.073864
2 0.355658 0.741477 0.041570 0.068182
2 0.729792 0.948864 0.064665 0.062500
2 0.806005 0.909091 0.064665 0.062500
2 0.609700 0.872159 0.060046 0.056818
2 0.700924 0.852273 0.053118 0.068182
2 0.602771 0.816761 0.036952 0.048295
2 0.595843 0.779830 0.046189 0.053977
1 0.959584 0.791193 0.080831 0.093750
1 0.040416 0.789773 0.076212 0.107955
