4 0.091647 0.655015 0.169374 0.458967
4 0.208817 0.591185 0.088167 0.331307
4 0.265661 0.594225 0.081206 0.416413
4 0.299304 0.676292 0.097448 0.440729
4 0.371230 0.598784 0.064965 0.273556
4 0.439675 0.574468 0.039443 0.224924
4 0.461717 0.588146 0.051044 0.240122
4 0.524362 0.563830 0.046404 0.167173
4 0.564965 0.574468 0.044084 0.164134
4 0.641531 0.697568 0.118329 0.471125
4 0.678654 0.647416 0.062645 0.249240
4 0.810905 0.598784 0.039443 0.182371
4 0.781903 0.591185 0.041763 0.167173
4 0.706497 0.553191 0.039443 0.127660
4 0.738979 0.568389 0.034803 0.115502
2 0.947796 0.566869 0.067285 0.051672
