2 0.699167 0.677419 0.041667 0.059140
2 0.676667 0.672043 0.026667 0.048387
2 0.612500 0.813172 0.058333 0.072581
1 0.594167 0.622312 0.048333 0.104839
2 0.535833 0.634409 0.038333 0.053763
2 0.531667 0.692204 0.043333 0.056452
2 0.526667 0.748656 0.043333 0.061828
2 0.462500 0.956989 0.068333 0.086022
2 0.250833 0.803763 0.061667 0.075269
2 0.133333 0.805108 0.060000 0.072581
2 0.321667 0.692204 0.050000 0.072581
2 0.250833 0.670699 0.045000 0.056452
2 0.218333 0.641129 0.043333 0.051075
2 0.254167 0.622312 0.041667 0.045699
2 0.228333 0.599462 0.030000 0.037634
1 0.311667 0.545699 0.046667 0.096774
2 0.319167 0.612903 0.031667 0.048387
2 0.027500 0.940860 0.051667 0.102151
