2 0.977000 0.922442 0.046000 0.155116
2 0.906000 0.815182 0.124000 0.145215
2 0.979000 0.745875 0.042000 0.138614
2 0.980000 0.694719 0.040000 0.095710
2 0.947000 0.671617 0.094000 0.115512
2 0.948000 0.635314 0.076000 0.089109
2 0.923000 0.623762 0.078000 0.112211
2 0.880000 0.587459 0.080000 0.112211
2 0.842000 0.567657 0.064000 0.092409
2 0.838000 0.544554 0.076000 0.092409
2 0.814000 0.500000 0.076000 0.062706
1 0.927000 0.470297 0.134000 0.201320
2 0.734000 0.425743 0.056000 0.072607
2 0.662000 0.404290 0.064000 0.089109
2 0.718000 0.394389 0.044000 0.062706
2 0.634000 0.372937 0.044000 0.059406
2 0.545000 0.363036 0.058000 0.092409
2 0.497000 0.356436 0.050000 0.066007
2 0.891000 0.757426 0.102000 0.148515
2 0.834000 0.745875 0.096000 0.138614
2 0.851000 0.694719 0.090000 0.102310
2 0.818000 0.671617 0.092000 0.115512
2 0.778000 0.640264 0.076000 0.099010
2 0.769000 0.605611 0.074000 0.095710
2 0.754000 0.589109 0.072000 0.102310
2 0.730000 0.537954 0.072000 0.132013
2 0.697000 0.526403 0.054000 0.089109
2 0.686000 0.506601 0.052000 0.075908
2 0.830000 0.968647 0.148000 0.062706
2 0.759000 0.881188 0.134000 0.191419
2 0.715000 0.777228 0.102000 0.181518
2 0.696000 0.737624 0.104000 0.168317
2 0.660000 0.668317 0.100000 0.141914
2 0.638000 0.595710 0.080000 0.115512
2 0.619000 0.564356 0.066000 0.099010
2 0.625000 0.534653 0.050000 0.066007
2 0.606000 0.516502 0.072000 0.108911
2 0.579000 0.508251 0.046000 0.092409
2 0.588000 0.955446 0.164000 0.089109
2 0.505000 0.627063 0.082000 0.112211
2 0.509000 0.570957 0.070000 0.099010
2 0.498000 0.526403 0.064000 0.082508
2 0.483000 0.508251 0.066000 0.092409
4 0.436000 0.717822 0.036000 0.135314
2 0.263000 0.968647 0.114000 0.062706
2 0.251000 0.823432 0.122000 0.155116
2 0.274000 0.717822 0.104000 0.135314
2 0.289000 0.584158 0.086000 0.112211
2 0.269000 0.460396 0.070000 0.095710
2 0.272000 0.402640 0.052000 0.066007
2 0.340000 0.392739 0.056000 0.099010
2 0.215000 0.354785 0.050000 0.075908
2 0.356000 0.325083 0.040000 0.062706
1 0.165000 0.303630 0.042000 0.092409
2 0.127000 0.397690 0.058000 0.082508
2 0.118000 0.498350 0.064000 0.085809
2 0.049000 0.480198 0.066000 0.082508
2 0.078000 0.537954 0.076000 0.125413
2 0.194000 0.529703 0.068000 0.095710
2 0.159000 0.587459 0.082000 0.112211
2 0.124000 0.727723 0.108000 0.161716
2 0.038000 0.579208 0.072000 0.115512
2 0.038000 0.653465 0.072000 0.112211
2 0.020000 0.696370 0.036000 0.198020
2 0.050000 0.978548 0.096000 0.042904
2 0.599000 0.306931 0.046000 0.052805
2 0.668000 0.328383 0.044000 0.056106
