4 0.842000 0.681495 0.260000 0.637011
4 0.272000 0.558719 0.096000 0.419929
3 0.844000 0.814947 0.256000 0.370107
0 0.275000 0.656584 0.074000 0.274021
4 0.413000 0.501779 0.046000 0.156584
3 0.410000 0.533808 0.048000 0.128114
4 0.507000 0.507117 0.050000 0.188612
4 0.152000 0.503559 0.040000 0.202847
4 0.226000 0.501779 0.040000 0.163701
0 0.153000 0.548043 0.042000 0.128114
3 0.231000 0.544484 0.038000 0.113879
4 0.661000 0.523132 0.078000 0.241993
4 0.339000 0.489324 0.038000 0.124555
4 0.187000 0.476868 0.022000 0.092527
