4 0.761458 0.658046 0.085417 0.258621
4 0.661458 0.614943 0.052083 0.160920
4 0.712500 0.600575 0.029167 0.091954
4 0.820833 0.614943 0.037500 0.132184
0 0.823958 0.649425 0.039583 0.091954
0 0.760417 0.719828 0.079167 0.186782
0 0.712500 0.632184 0.020833 0.051724
0 0.662500 0.652299 0.050000 0.126437
2 0.691667 0.610632 0.070833 0.083333
2 0.551042 0.591954 0.072917 0.086207
2 0.438542 0.614943 0.135417 0.160920
2 0.327083 0.630747 0.200000 0.238506
4 0.039583 0.574713 0.050000 0.120690
3 0.037500 0.612069 0.058333 0.114943
4 0.789583 0.604885 0.033333 0.094828
0 0.786458 0.646552 0.031250 0.057471
