2 0.471111 0.674561 0.428889 0.275439
2 0.125556 0.695614 0.248889 0.187719
2 0.137778 0.649123 0.244444 0.178947
2 0.529444 0.641228 0.296667 0.226316
2 0.223333 0.638596 0.142222 0.129825
2 0.830000 0.598246 0.088889 0.077193
2 0.854444 0.600000 0.088889 0.087719
2 0.871667 0.600877 0.092222 0.110526
2 0.890000 0.599123 0.082222 0.110526
2 0.913889 0.606140 0.090000 0.124561
2 0.937778 0.605263 0.080000 0.119298
2 0.952222 0.609649 0.071111 0.131579
2 0.968333 0.611404 0.047778 0.142105
2 0.982222 0.621930 0.035556 0.156140
2 0.607222 0.614035 0.116667 0.101754
2 0.618333 0.596491 0.072222 0.066667
