4 0.987500 0.482759 0.025000 0.079576
0 0.981250 0.511936 0.037500 0.063660
2 0.910156 0.498674 0.148438 0.095491
4 0.777344 0.628647 0.076563 0.408488
4 0.739844 0.623342 0.104688 0.488064
0 0.744531 0.745358 0.276562 0.275862
2 0.653125 0.480106 0.075000 0.100796
2 0.511719 0.494695 0.067187 0.076923
2 0.422656 0.493369 0.054688 0.068966
4 0.389062 0.604775 0.093750 0.339523
4 0.310937 0.600796 0.075000 0.289125
4 0.138281 0.599469 0.048438 0.270557
4 0.098437 0.614058 0.081250 0.358090
4 0.203906 0.486737 0.020313 0.055703
3 0.203906 0.503979 0.020313 0.047745
4 0.017969 0.507958 0.026562 0.098143
