1 0.415455 0.837432 0.125455 0.232240
2 0.362727 0.771858 0.045455 0.068306
4 0.166364 0.773224 0.020000 0.087432
4 0.140909 0.771858 0.020000 0.079235
2 0.793636 0.960383 0.103636 0.079235
4 0.975455 0.775956 0.020000 0.081967
1 0.834545 0.707650 0.098182 0.136612
2 0.776364 0.700820 0.040000 0.051913
2 0.736364 0.730874 0.047273 0.051913
2 0.733636 0.689891 0.041818 0.046448
2 0.687273 0.713115 0.043636 0.054645
2 0.679091 0.683060 0.045455 0.049180
2 0.649091 0.654372 0.040000 0.057377
2 0.634545 0.632514 0.032727 0.040984
2 0.595455 0.595628 0.027273 0.043716
2 0.587273 0.640710 0.029091 0.040984
2 0.473636 0.647541 0.030909 0.038251
2 0.428182 0.636612 0.034545 0.038251
2 0.448182 0.596995 0.023636 0.024590
4 0.391818 0.596995 0.009091 0.030055
4 0.380909 0.598361 0.009091 0.032787
2 0.355455 0.598361 0.023636 0.038251
2 0.202727 0.681694 0.038182 0.046448
2 0.149091 0.724044 0.032727 0.054645
2 0.084545 0.774590 0.067273 0.068306
2 0.703636 0.633880 0.050909 0.087432
