2 0.841250 0.537333 0.077500 0.093333
2 0.793750 0.424000 0.047500 0.058667
2 0.732500 0.400000 0.045000 0.042667
2 0.872500 0.392000 0.045000 0.037333
2 0.832500 0.397333 0.045000 0.042667
4 0.113750 0.790667 0.057500 0.130667
4 0.298750 0.793333 0.062500 0.120000
0 0.301250 0.845333 0.062500 0.106667
4 0.390000 0.776000 0.050000 0.112000
0 0.390000 0.810667 0.055000 0.096000
4 0.457500 0.782667 0.045000 0.114667
3 0.455000 0.816000 0.045000 0.085333
4 0.453750 0.708000 0.052500 0.082667
3 0.453750 0.734667 0.047500 0.061333
4 0.577500 0.766667 0.045000 0.109333
3 0.572500 0.796000 0.040000 0.082667
4 0.650000 0.630667 0.040000 0.093333
3 0.650000 0.652000 0.030000 0.066667
4 0.583750 0.637333 0.032500 0.080000
3 0.583750 0.656000 0.037500 0.058667
4 0.563750 0.550667 0.032500 0.066667
3 0.561250 0.566667 0.032500 0.056000
4 0.627500 0.536000 0.030000 0.064000
3 0.627500 0.550667 0.030000 0.056000
3 0.045000 0.732000 0.080000 0.082667
4 0.397500 0.636000 0.050000 0.088000
4 0.426250 0.604000 0.042500 0.066667
4 0.700000 0.485333 0.025000 0.053333
4 0.541250 0.609333 0.037500 0.061333
3 0.542500 0.629333 0.035000 0.058667
4 0.061250 0.272000 0.032500 0.080000
