2 0.669444 0.972689 0.111111 0.054622
2 0.355556 0.957983 0.094444 0.084034
2 0.580556 0.834034 0.066667 0.088235
1 0.758333 0.802521 0.105556 0.184874
2 0.672222 0.750000 0.050000 0.071429
2 0.570833 0.731092 0.041667 0.050420
4 0.981944 0.850840 0.025000 0.063025
3 0.981944 0.880252 0.019444 0.054622
4 0.923611 0.794118 0.019444 0.050420
3 0.923611 0.813025 0.019444 0.046218
2 0.805556 0.735294 0.044444 0.058824
2 0.752778 0.657563 0.038889 0.054622
2 0.720833 0.714286 0.036111 0.058824
2 0.720833 0.699580 0.036111 0.046218
2 0.716667 0.611345 0.027778 0.037815
1 0.638889 0.638655 0.033333 0.067227
2 0.420833 0.655462 0.036111 0.042017
2 0.355556 0.712185 0.033333 0.037815
2 0.369444 0.724790 0.044444 0.046218
2 0.408333 0.760504 0.044444 0.058824
2 0.470833 0.737395 0.047222 0.054622
2 0.361111 0.775210 0.055556 0.063025
2 0.425000 0.800420 0.050000 0.071429
2 0.268056 0.894958 0.075000 0.092437
2 0.252778 0.941176 0.088889 0.100840
2 0.177778 0.968487 0.100000 0.063025
2 0.161111 0.867647 0.088889 0.105042
1 0.234722 0.796218 0.119444 0.172269
1 0.212500 0.718487 0.075000 0.109244
4 0.161111 0.775210 0.022222 0.054622
3 0.161111 0.794118 0.022222 0.042017
4 0.130556 0.806723 0.022222 0.092437
