4 0.807437 0.810703 0.143426 0.317891
2 0.227756 0.789936 0.128818 0.110224
2 0.390438 0.768371 0.098274 0.099042
4 0.689243 0.798722 0.069057 0.191693
0 0.689907 0.834665 0.059761 0.123003
2 0.078353 0.777157 0.124834 0.103834
2 0.460823 0.764377 0.087649 0.100639
2 0.504648 0.757188 0.069057 0.086262
1 0.573705 0.723642 0.114210 0.134185
2 0.127490 0.768371 0.077025 0.086262
2 0.099602 0.752396 0.100930 0.089457
2 0.289509 0.768371 0.079681 0.083067
2 0.332005 0.766773 0.063745 0.076677
4 0.912351 0.755591 0.026560 0.063898
3 0.909695 0.766773 0.026560 0.054313
4 0.954183 0.750799 0.022576 0.047923
4 0.974104 0.750799 0.022576 0.051118
