4 0.562500 0.540936 0.325680 0.721637
4 0.607993 0.592398 0.049320 0.157895
4 0.671769 0.585380 0.057823 0.190643
2 0.847789 0.547953 0.180272 0.174269
2 0.415391 0.553801 0.130102 0.188304
4 0.381378 0.593567 0.072279 0.197661
3 0.386054 0.640351 0.127551 0.178947
2 0.028486 0.570175 0.055272 0.143860
2 0.070578 0.549708 0.100340 0.145029
2 0.122874 0.543275 0.094388 0.132164
2 0.155612 0.531579 0.064626 0.127485
2 0.188350 0.522807 0.068878 0.119298
2 0.224490 0.529825 0.061224 0.074854
2 0.263180 0.510526 0.056973 0.064327
2 0.329932 0.513450 0.052721 0.058480
2 0.370748 0.521053 0.073129 0.085380
2 0.957058 0.768421 0.085884 0.184795
