4 0.975043 0.817358 0.049914 0.235751
4 0.927711 0.757772 0.030981 0.106218
4 0.853701 0.740933 0.017212 0.062176
4 0.814974 0.739637 0.015491 0.075130
4 0.781411 0.742228 0.020654 0.069948
4 0.796902 0.740933 0.017212 0.072539
4 0.765921 0.739637 0.017212 0.069948
4 0.758176 0.733161 0.015491 0.067358
4 0.900172 0.739637 0.017212 0.064767
4 0.717728 0.838083 0.096386 0.323834
4 0.633391 0.888601 0.082616 0.222798
4 0.691050 0.737047 0.032702 0.080311
4 0.651463 0.739637 0.022375 0.085492
4 0.627367 0.738342 0.022375 0.093264
4 0.607573 0.751295 0.034423 0.124352
4 0.583477 0.752591 0.034423 0.121762
4 0.551635 0.788860 0.060241 0.199482
4 0.537005 0.794041 0.061962 0.240933
4 0.483649 0.791451 0.068847 0.246114
4 0.410499 0.778497 0.053356 0.199482
4 0.131670 0.724093 0.022375 0.085492
4 0.101549 0.757772 0.037866 0.147668
4 0.067986 0.759067 0.043029 0.145078
1 0.037005 0.707254 0.070568 0.176166
4 0.303787 0.746114 0.311532 0.507772
