2 0.335539 0.776371 0.111531 0.097046
4 0.607750 0.787975 0.062382 0.137131
2 0.402647 0.760549 0.071834 0.069620
2 0.948015 0.765823 0.088847 0.088608
2 0.791115 0.717300 0.043478 0.037975
2 0.697543 0.716245 0.041588 0.035865
2 0.600189 0.713080 0.043478 0.033755
2 0.605860 0.689873 0.032136 0.037975
2 0.720227 0.707806 0.034026 0.040084
2 0.774102 0.699367 0.054820 0.035865
2 0.029301 0.759494 0.054820 0.088608
2 0.077505 0.764768 0.068053 0.069620
1 0.114367 0.735232 0.088847 0.116034
2 0.177694 0.755274 0.068053 0.067511
2 0.220227 0.741561 0.051040 0.048523
2 0.270321 0.734177 0.045369 0.046414
2 0.281664 0.721519 0.049149 0.054852
