2 0.951250 0.949248 0.097500 0.101504
2 0.947500 0.911654 0.105000 0.116541
2 0.966250 0.778195 0.067500 0.105263
2 0.945000 0.706767 0.100000 0.157895
1 0.913750 0.610902 0.132500 0.169173
2 0.865000 0.678571 0.070000 0.078947
2 0.806250 0.609023 0.057500 0.067669
2 0.795000 0.595865 0.040000 0.063910
2 0.730000 0.565789 0.050000 0.063910
2 0.712500 0.528195 0.045000 0.063910
2 0.678750 0.513158 0.032500 0.041353
2 0.648750 0.503759 0.032500 0.045113
2 0.635000 0.528195 0.040000 0.041353
2 0.616250 0.513158 0.032500 0.048872
2 0.666250 0.582707 0.047500 0.060150
2 0.703750 0.625940 0.057500 0.071429
2 0.738750 0.656015 0.067500 0.078947
2 0.767500 0.719925 0.075000 0.086466
2 0.825000 0.783835 0.085000 0.101504
2 0.877500 0.860902 0.100000 0.112782
2 0.716250 0.857143 0.097500 0.127820
2 0.661250 0.746241 0.082500 0.093985
2 0.652500 0.712406 0.065000 0.071429
2 0.645000 0.671053 0.060000 0.063910
2 0.645000 0.642857 0.060000 0.067669
2 0.601250 0.618421 0.057500 0.063910
2 0.605000 0.588346 0.055000 0.056391
2 0.583750 0.558271 0.042500 0.056391
2 0.568750 0.528195 0.037500 0.048872
2 0.515000 0.943609 0.120000 0.112782
2 0.503750 0.860902 0.102500 0.120301
2 0.512500 0.772556 0.085000 0.101504
2 0.500000 0.731203 0.075000 0.086466
2 0.492500 0.654135 0.060000 0.075188
2 0.498750 0.607143 0.052500 0.071429
2 0.495000 0.546992 0.040000 0.048872
2 0.486250 0.513158 0.032500 0.041353
2 0.337500 0.857143 0.095000 0.135338
2 0.362500 0.791353 0.095000 0.131579
2 0.370000 0.703008 0.075000 0.097744
2 0.383750 0.667293 0.062500 0.078947
2 0.401250 0.640977 0.057500 0.071429
2 0.412500 0.575188 0.055000 0.067669
2 0.108750 0.971805 0.137500 0.056391
2 0.211250 0.804511 0.092500 0.105263
2 0.266250 0.744361 0.077500 0.082707
2 0.258750 0.676692 0.072500 0.097744
1 0.306250 0.569549 0.087500 0.146617
2 0.393750 0.507519 0.032500 0.045113
1 0.365000 0.437970 0.035000 0.063910
2 0.040000 0.597744 0.050000 0.052632
2 0.487500 0.646617 0.060000 0.075188
