2 0.745455 0.937037 0.086364 0.118519
2 0.785227 0.738889 0.034091 0.048148
2 0.769318 0.714815 0.034091 0.059259
2 0.600000 0.857407 0.059091 0.085185
2 0.501136 0.811111 0.052273 0.059259
2 0.454545 0.727778 0.036364 0.048148
2 0.542045 0.666667 0.025000 0.037037
2 0.590909 0.633333 0.022727 0.029630
2 0.501136 0.662963 0.025000 0.037037
2 0.462500 0.655556 0.025000 0.037037
2 0.500000 0.609259 0.022727 0.040741
2 0.357955 0.700000 0.029545 0.044444
2 0.379545 0.727778 0.031818 0.048148
2 0.327273 0.733333 0.031818 0.044444
2 0.338636 0.611111 0.027273 0.037037
2 0.154545 0.677778 0.031818 0.059259
1 0.029545 0.746296 0.054545 0.107407
1 0.038636 0.688889 0.072727 0.074074
1 0.015909 0.905556 0.027273 0.188889
