4 0.984772 0.554054 0.030457 0.101351
4 0.972081 0.548986 0.025381 0.077703
3 0.970812 0.569257 0.043147 0.043919
4 0.927665 0.555743 0.038071 0.097973
3 0.928934 0.584459 0.025381 0.067568
4 0.913706 0.554054 0.025381 0.087838
4 0.866751 0.543919 0.038071 0.074324
3 0.869289 0.567568 0.043147 0.054054
2 0.823604 0.538851 0.114213 0.064189
2 0.658629 0.521959 0.038071 0.030405
2 0.598985 0.523649 0.060914 0.040541
2 0.554569 0.533784 0.109137 0.054054
4 0.497462 0.540541 0.040609 0.101351
0 0.489848 0.577703 0.096447 0.067568
4 0.480964 0.550676 0.048223 0.108108
3 0.479695 0.592905 0.096447 0.077703
2 0.413706 0.525338 0.076142 0.050676
2 0.346447 0.528716 0.124365 0.064189
2 0.129442 0.528716 0.152284 0.064189
2 0.031726 0.552365 0.058376 0.104730
