4 0.668103 0.712121 0.263793 0.575758
4 0.364655 0.678788 0.239655 0.642424
4 0.972414 0.736364 0.031034 0.163636
4 0.922414 0.737879 0.031034 0.160606
4 0.887069 0.740909 0.032759 0.166667
4 0.860345 0.742424 0.027586 0.151515
4 0.850000 0.736364 0.031034 0.175758
4 0.822414 0.768182 0.048276 0.209091
4 0.798276 0.737879 0.027586 0.154545
4 0.519828 0.760606 0.046552 0.218182
4 0.236207 0.750000 0.027586 0.142424
4 0.213793 0.745455 0.031034 0.169697
4 0.154310 0.754545 0.036207 0.157576
4 0.088793 0.768182 0.043103 0.190909
4 0.044828 0.762121 0.065517 0.203030
4 0.034483 0.766667 0.044828 0.193939
