2 0.983333 0.606469 0.033333 0.075472
2 0.962879 0.584906 0.074242 0.113208
2 0.915152 0.576819 0.100000 0.070081
2 0.929545 0.570081 0.089394 0.078167
2 0.865152 0.570081 0.075758 0.061995
2 0.796212 0.560647 0.059091 0.048518
4 0.791667 0.699461 0.143939 0.423181
4 0.671970 0.680593 0.143939 0.347709
4 0.653030 0.715633 0.106061 0.277628
2 0.649242 0.560647 0.071212 0.043127
2 0.573485 0.586253 0.113636 0.099730
2 0.506061 0.557951 0.042424 0.043127
4 0.507576 0.571429 0.012121 0.059299
4 0.493939 0.571429 0.015152 0.064690
2 0.476515 0.570081 0.059091 0.051213
2 0.415152 0.570081 0.051515 0.040431
2 0.388636 0.568733 0.040909 0.043127
2 0.293182 0.583558 0.101515 0.088949
2 0.193939 0.576819 0.072727 0.075472
2 0.175000 0.583558 0.074242 0.072776
4 0.134848 0.667116 0.078788 0.331536
0 0.136364 0.742588 0.072727 0.245283
2 0.113636 0.587601 0.063636 0.075472
2 0.072727 0.584906 0.054545 0.075472
2 0.027273 0.588949 0.051515 0.078167
2 0.044697 0.584906 0.053030 0.070081
