4 0.723377 0.785019 0.093506 0.297665
4 0.697403 0.785019 0.101299 0.289883
4 0.590909 0.791829 0.083117 0.291829
4 0.553896 0.794747 0.068831 0.282101
4 0.455844 0.790856 0.080519 0.297665
4 0.431818 0.792802 0.068831 0.293774
4 0.315584 0.798638 0.072727 0.289883
4 0.297403 0.803502 0.062338 0.280156
4 0.198701 0.805447 0.080519 0.291829
4 0.174675 0.803502 0.066234 0.291829
4 0.070130 0.809339 0.054545 0.291829
4 0.050649 0.809339 0.054545 0.291829
4 0.901948 0.737354 0.022078 0.085603
4 0.885065 0.739300 0.022078 0.081712
4 0.868182 0.740272 0.016883 0.079767
4 0.845455 0.733463 0.018182 0.093385
4 0.834416 0.737354 0.019481 0.085603
4 0.820779 0.721790 0.012987 0.062257
4 0.809740 0.739300 0.019481 0.085603
4 0.798701 0.739300 0.018182 0.085603
4 0.794156 0.737354 0.014286 0.085603
4 0.783117 0.741245 0.015584 0.077821
4 0.772078 0.738327 0.014286 0.083658
4 0.762987 0.739300 0.019481 0.081712
4 0.755195 0.733463 0.016883 0.081712
4 0.738312 0.731518 0.019481 0.081712
4 0.666234 0.728599 0.012987 0.056420
4 0.649351 0.726654 0.012987 0.052529
4 0.639610 0.734436 0.016883 0.064202
4 0.614286 0.740272 0.018182 0.068093
4 0.622727 0.725681 0.011688 0.058366
4 0.613636 0.726654 0.011688 0.060311
4 0.535714 0.732490 0.014286 0.079767
4 0.527922 0.734436 0.014286 0.075875
4 0.520779 0.734436 0.012987 0.071984
4 0.510390 0.735409 0.018182 0.070039
4 0.477922 0.734436 0.020779 0.071984
4 0.388961 0.735409 0.014286 0.070039
4 0.333117 0.734436 0.016883 0.064202
4 0.360390 0.740272 0.009091 0.040856
4 0.246104 0.737354 0.016883 0.066148
4 0.220130 0.735409 0.011688 0.062257
