2 0.777188 0.952000 0.098143 0.086400
2 0.909151 0.879200 0.099469 0.091200
2 0.816313 0.848000 0.086207 0.086400
2 0.655172 0.814400 0.066313 0.073600
2 0.674403 0.792800 0.059682 0.072000
2 0.663793 0.804800 0.059682 0.067200
2 0.666446 0.763200 0.057029 0.064000
2 0.883289 0.727200 0.061008 0.059200
2 0.659151 0.744800 0.053050 0.056000
2 0.675729 0.739200 0.046419 0.060800
2 0.675729 0.714400 0.086207 0.120000
2 0.826260 0.623200 0.042440 0.043200
2 0.744032 0.608000 0.031830 0.035200
2 0.822281 0.597600 0.029178 0.040000
2 0.769894 0.608000 0.030504 0.032000
2 0.757958 0.568800 0.030504 0.027200
2 0.785146 0.552000 0.029178 0.032000
2 0.714854 0.533600 0.026525 0.024000
2 0.739390 0.520800 0.025199 0.020800
2 0.040451 0.867200 0.078249 0.073600
2 0.076260 0.834400 0.062334 0.065600
2 0.120027 0.884000 0.078249 0.068800
2 0.200928 0.804800 0.072944 0.064000
2 0.087533 0.768800 0.068966 0.062400
2 0.142573 0.725600 0.064987 0.065600
2 0.250663 0.704800 0.063660 0.056000
2 0.141910 0.677600 0.053050 0.046400
2 0.027851 0.789600 0.053050 0.062400
2 0.043767 0.748800 0.063660 0.048000
2 0.033156 0.710400 0.063660 0.051200
2 0.031830 0.659200 0.061008 0.044800
4 0.962202 0.671200 0.019894 0.062400
4 0.887931 0.639200 0.017241 0.040000
4 0.896552 0.636000 0.018568 0.049600
3 0.889257 0.648000 0.046419 0.035200
4 0.671088 0.640000 0.015915 0.054400
4 0.706233 0.642400 0.014589 0.049600
4 0.962202 0.636000 0.011936 0.049600
4 0.978117 0.636000 0.019894 0.052800
4 0.624668 0.656000 0.023873 0.041600
3 0.624005 0.666400 0.025199 0.040000
