2 0.533686 0.909468 0.103038 0.121262
2 0.551519 0.824751 0.085865 0.091362
2 0.579921 0.758306 0.066050 0.068106
2 0.168428 0.936047 0.125495 0.121262
2 0.268824 0.846346 0.093791 0.091362
2 0.350727 0.798173 0.080581 0.071429
2 0.472919 0.756645 0.071334 0.091362
2 0.513871 0.720100 0.055482 0.058140
1 0.484808 0.637043 0.087186 0.094684
2 0.608983 0.645349 0.044914 0.051495
2 0.564729 0.637043 0.038309 0.041528
2 0.622853 0.625415 0.040951 0.048173
2 0.538309 0.599668 0.030383 0.036545
2 0.599736 0.587209 0.031704 0.028239
2 0.557464 0.573920 0.023778 0.024917
2 0.605680 0.558970 0.022457 0.024917
2 0.569353 0.551495 0.023778 0.019934
2 0.638045 0.536545 0.023778 0.019934
2 0.614267 0.524086 0.018494 0.018272
2 0.859974 0.950997 0.129458 0.098007
2 0.807133 0.843854 0.095112 0.093023
2 0.877147 0.759136 0.071334 0.066445
2 0.838838 0.714286 0.063408 0.066445
1 0.747028 0.661130 0.083223 0.126246
2 0.971598 0.743355 0.056803 0.064784
2 0.929326 0.703488 0.062087 0.054817
2 0.875165 0.667774 0.043593 0.039867
2 0.805812 0.659468 0.042272 0.063123
2 0.832893 0.690199 0.046235 0.044850
2 0.837517 0.648671 0.036988 0.041528
2 0.861955 0.635382 0.038309 0.048173
2 0.820343 0.604651 0.034346 0.029900
2 0.836856 0.617940 0.025099 0.029900
2 0.759577 0.592193 0.029062 0.024917
2 0.798547 0.582226 0.027741 0.028239
2 0.712021 0.585548 0.031704 0.038206
2 0.747688 0.573090 0.026420 0.026578
2 0.785337 0.568937 0.022457 0.028239
2 0.706737 0.560631 0.021136 0.031561
2 0.744386 0.560631 0.022457 0.028239
2 0.776750 0.559801 0.023778 0.023256
2 0.766843 0.539867 0.025099 0.026578
2 0.750991 0.505814 0.017173 0.021595
2 0.756275 0.523256 0.014531 0.019934
2 0.727873 0.525748 0.015852 0.021595
2 0.735139 0.548173 0.019815 0.026578
2 0.967635 0.622924 0.038309 0.033223
2 0.925363 0.602159 0.033025 0.034884
2 0.953765 0.602990 0.026420 0.026578
2 0.896301 0.581395 0.019815 0.019934
2 0.037649 0.797342 0.072655 0.069767
2 0.198811 0.683555 0.077939 0.098007
2 0.322985 0.665282 0.051519 0.038206
2 0.369881 0.640365 0.036988 0.034884
1 0.268164 0.625415 0.113606 0.074751
2 0.376486 0.617110 0.034346 0.028239
2 0.400264 0.608804 0.026420 0.024917
2 0.413474 0.602990 0.021136 0.026578
2 0.132100 0.668605 0.044914 0.034884
2 0.067371 0.686877 0.047556 0.041528
2 0.719287 0.509967 0.019815 0.019934
2 0.694848 0.512458 0.018494 0.018272
2 0.700132 0.528239 0.018494 0.013289
2 0.702774 0.540698 0.021136 0.021595
