4 0.143631 0.879599 0.102981 0.220736
3 0.129404 0.930602 0.239837 0.138796
4 0.336721 0.841137 0.055556 0.173913
0 0.338076 0.895485 0.058266 0.122074
4 0.204607 0.862876 0.037940 0.187291
4 0.369919 0.813545 0.040650 0.148829
4 0.417344 0.809365 0.048780 0.147157
4 0.481707 0.812709 0.052846 0.153846
0 0.479675 0.849498 0.048780 0.103679
2 0.843496 0.853679 0.191057 0.168896
2 0.563008 0.810201 0.136856 0.135452
2 0.340786 0.785953 0.109756 0.103679
2 0.656504 0.730769 0.077236 0.073579
4 0.666667 0.871237 0.081301 0.187291
4 0.687669 0.861204 0.093496 0.207358
2 0.288618 0.729933 0.089431 0.091973
2 0.898374 0.740803 0.192412 0.073579
2 0.496612 0.719064 0.071816 0.056856
4 0.437669 0.724916 0.027100 0.068562
4 0.549458 0.708194 0.023035 0.075251
4 0.352304 0.718227 0.018970 0.068562
4 0.743225 0.772575 0.047425 0.113712
4 0.756775 0.735786 0.031165 0.083612
2 0.878726 0.735786 0.188347 0.070234
2 0.848238 0.729097 0.149051 0.066890
4 0.042683 0.894649 0.052846 0.167224
