4 0.687681 0.818381 0.068116 0.231947
0 0.688406 0.877462 0.066667 0.161926
4 0.536232 0.805252 0.040580 0.161926
4 0.511594 0.805252 0.043478 0.161926
0 0.515217 0.841357 0.039130 0.111597
4 0.364493 0.810722 0.036232 0.172867
4 0.336232 0.814004 0.034783 0.166302
4 0.314493 0.798687 0.028986 0.126915
4 0.287681 0.777899 0.024638 0.067834
4 0.237681 0.859956 0.089855 0.280088
4 0.228261 0.811816 0.024638 0.118162
4 0.174638 0.812910 0.036232 0.120350
4 0.094928 0.846827 0.044928 0.188184
4 0.051449 0.846827 0.044928 0.188184
3 0.039130 0.920131 0.075362 0.159737
4 0.132609 0.765864 0.013043 0.056893
4 0.136957 0.778993 0.010145 0.061269
4 0.147826 0.768053 0.011594 0.056893
2 0.069565 0.781182 0.127536 0.070022
1 0.567391 0.739606 0.439130 0.192560
1 0.819565 0.710066 0.105797 0.080963
2 0.855072 0.729759 0.040580 0.041575
4 0.886232 0.722101 0.021739 0.061269
2 0.892754 0.719912 0.043478 0.039387
2 0.928261 0.721007 0.053623 0.045952
4 0.936957 0.721007 0.021739 0.063457
2 0.951449 0.714442 0.036232 0.037199
2 0.978986 0.716630 0.039130 0.045952
4 0.996377 0.710066 0.007246 0.059081
1 0.973913 0.691466 0.052174 0.056893
1 0.918116 0.700219 0.076812 0.039387
0 0.233333 0.913567 0.107246 0.172867
