4 0.456111 0.844211 0.072222 0.311579
4 0.732778 0.805263 0.054444 0.246316
0 0.737222 0.884211 0.105556 0.164211
2 0.297222 0.768421 0.121111 0.117895
4 0.353889 0.753684 0.018889 0.117895
2 0.436111 0.761053 0.107778 0.103158
2 0.546667 0.775789 0.148889 0.115789
2 0.642222 0.749474 0.137778 0.122105
2 0.720000 0.747368 0.104444 0.088421
2 0.786111 0.733684 0.098889 0.094737
2 0.937222 0.789474 0.125556 0.143158
2 0.897778 0.735789 0.091111 0.073684
2 0.836667 0.731579 0.057778 0.065263
2 0.159444 0.762105 0.090000 0.084211
2 0.244444 0.757895 0.064444 0.092632
2 0.352778 0.753684 0.063333 0.075789
2 0.085556 0.748421 0.062222 0.065263
2 0.030000 0.751579 0.057778 0.071579
2 0.039444 0.731579 0.065556 0.065263
2 0.118333 0.745263 0.038889 0.054737
2 0.187778 0.753684 0.042222 0.067368
1 0.451111 0.707368 0.226667 0.130526
