2 0.965476 0.912329 0.069048 0.175342
2 0.891667 0.821233 0.216667 0.357534
2 0.891667 0.780822 0.216667 0.241096
2 0.873810 0.772603 0.252381 0.279452
2 0.753571 0.713699 0.257143 0.232877
2 0.791667 0.672603 0.238095 0.189041
4 0.732143 0.797260 0.114286 0.369863
2 0.726190 0.639041 0.345238 0.171233
4 0.942857 0.616438 0.052381 0.208219
4 0.950000 0.632877 0.038095 0.172603
4 0.887500 0.621918 0.044048 0.194521
4 0.594048 0.637671 0.066667 0.204110
4 0.531548 0.625342 0.072619 0.179452
2 0.701190 0.620548 0.221429 0.142466
2 0.654762 0.589041 0.142857 0.161644
2 0.599405 0.594521 0.160714 0.142466
4 0.699405 0.539726 0.036905 0.109589
4 0.667262 0.538356 0.044048 0.112329
2 0.537500 0.576027 0.141667 0.121918
2 0.535119 0.557534 0.132143 0.117808
4 0.530952 0.567123 0.038095 0.136986
2 0.469048 0.536301 0.130952 0.132877
2 0.441667 0.534247 0.102381 0.090411
2 0.422619 0.521918 0.095238 0.068493
2 0.407143 0.511644 0.133333 0.069863
4 0.376786 0.505479 0.027381 0.076712
2 0.398810 0.500000 0.078571 0.057534
4 0.426786 0.476712 0.022619 0.079452
4 0.502976 0.453425 0.029762 0.084932
2 0.359524 0.484247 0.109524 0.110959
2 0.325595 0.474658 0.055952 0.056164
1 0.298214 0.465068 0.086905 0.089041
1 0.234524 0.465753 0.071429 0.068493
1 0.157143 0.473973 0.104762 0.128767
2 0.164286 0.500000 0.085714 0.068493
2 0.157143 0.511644 0.080952 0.083562
2 0.232143 0.500000 0.092857 0.071233
2 0.199405 0.528767 0.115476 0.084932
2 0.268452 0.531507 0.127381 0.109589
2 0.200595 0.553425 0.139286 0.117808
2 0.314881 0.559589 0.110714 0.069863
2 0.339286 0.567808 0.123810 0.094521
4 0.379167 0.609589 0.041667 0.158904
4 0.423810 0.612329 0.059524 0.153425
2 0.282143 0.591781 0.138095 0.095890
2 0.220238 0.612329 0.209524 0.142466
2 0.372024 0.660959 0.234524 0.212329
2 0.251786 0.745205 0.436905 0.265753
2 0.318452 0.773973 0.353571 0.235616
2 0.362500 0.830822 0.372619 0.264384
2 0.321429 0.884932 0.542857 0.230137
2 0.198810 0.949315 0.395238 0.101370
2 0.023810 0.657534 0.045238 0.189041
4 0.024405 0.639041 0.046429 0.215068
2 0.016071 0.577397 0.029762 0.127397
2 0.014881 0.560274 0.027381 0.128767
2 0.020238 0.521918 0.038095 0.098630
2 0.036905 0.491096 0.071429 0.094521
2 0.063690 0.488356 0.101190 0.086301
1 0.083333 0.455479 0.121429 0.110959
