2 0.952899 0.862144 0.094203 0.275711
2 0.913043 0.856674 0.173913 0.260394
2 0.919565 0.713348 0.042029 0.083151
2 0.884783 0.719912 0.079710 0.065646
4 0.861594 0.707877 0.021739 0.063457
3 0.865942 0.734136 0.033333 0.045952
2 0.671014 0.789934 0.197101 0.245077
4 0.634783 0.728665 0.049275 0.118162
4 0.703623 0.769147 0.044928 0.098468
2 0.592029 0.741794 0.105797 0.126915
2 0.565942 0.719912 0.071014 0.083151
2 0.521014 0.712254 0.053623 0.072210
4 0.486232 0.729759 0.044928 0.137856
0 0.486232 0.765864 0.042029 0.100656
4 0.431884 0.728665 0.037681 0.105033
0 0.434058 0.757112 0.033333 0.074398
4 0.421739 0.705689 0.026087 0.076586
4 0.403623 0.726477 0.039130 0.109409
0 0.403623 0.771335 0.039130 0.076586
4 0.379710 0.723195 0.026087 0.120350
4 0.359420 0.722101 0.023188 0.105033
4 0.339855 0.716630 0.015942 0.085339
4 0.331884 0.713348 0.020290 0.087527
2 0.248551 0.731947 0.186957 0.111597
2 0.074638 0.731947 0.128986 0.181619
