2 0.821267 0.862994 0.095023 0.104520
2 0.910633 0.809322 0.079186 0.081921
2 0.789593 0.796610 0.076923 0.079096
2 0.748869 0.750000 0.058824 0.064972
2 0.873303 0.758475 0.076923 0.076271
2 0.963801 0.850282 0.072398 0.101695
2 0.959276 0.737288 0.067873 0.073446
2 0.799774 0.703390 0.056561 0.056497
2 0.893665 0.710452 0.054299 0.059322
2 0.733032 0.706215 0.045249 0.056497
2 0.744344 0.725989 0.049774 0.050847
2 0.861991 0.686441 0.040724 0.039548
2 0.716063 0.692090 0.047511 0.056497
1 0.783937 0.661017 0.083710 0.096045
2 0.625566 0.959040 0.128959 0.081921
2 0.442308 0.937853 0.124434 0.124294
2 0.309955 0.961864 0.131222 0.076271
2 0.076923 0.929379 0.135747 0.112994
2 0.286199 0.926554 0.115385 0.118644
2 0.469457 0.857345 0.097285 0.110169
2 0.613122 0.903955 0.104072 0.124294
2 0.157240 0.864407 0.101810 0.101695
2 0.288462 0.865819 0.106335 0.087571
2 0.337104 0.823446 0.090498 0.104520
2 0.600679 0.848870 0.097285 0.087571
2 0.218326 0.810734 0.083710 0.084746
2 0.243213 0.785311 0.070136 0.073446
2 0.304299 0.751412 0.065611 0.067797
2 0.495475 0.816384 0.090498 0.096045
2 0.619910 0.805085 0.081448 0.079096
2 0.386878 0.772599 0.067873 0.070621
2 0.402715 0.757062 0.054299 0.062147
2 0.427602 0.731638 0.054299 0.062147
2 0.524887 0.707627 0.054299 0.053672
2 0.591629 0.727401 0.052036 0.059322
2 0.623303 0.713277 0.052036 0.053672
2 0.588235 0.672316 0.045249 0.050847
2 0.600679 0.775424 0.065611 0.059322
1 0.130090 0.738701 0.101810 0.132768
