2 0.984000 0.634000 0.032000 0.036000
1 0.974000 0.586000 0.052000 0.052000
1 0.992000 0.550000 0.016000 0.024000
1 0.942000 0.552000 0.084000 0.048000
1 0.882000 0.548000 0.076000 0.044000
1 0.835000 0.539000 0.046000 0.038000
1 0.803000 0.533000 0.042000 0.034000
1 0.788000 0.529000 0.036000 0.034000
2 0.762000 0.611000 0.052000 0.042000
2 0.579000 0.552000 0.022000 0.016000
2 0.565000 0.537000 0.022000 0.018000
2 0.547000 0.531000 0.018000 0.014000
2 0.532000 0.543000 0.020000 0.018000
2 0.526000 0.530000 0.016000 0.012000
2 0.501000 0.535000 0.018000 0.018000
2 0.537000 0.516000 0.014000 0.016000
2 0.514000 0.515000 0.012000 0.010000
2 0.496000 0.512000 0.012000 0.008000
2 0.449000 0.526000 0.022000 0.024000
2 0.428000 0.520000 0.016000 0.012000
2 0.386000 0.530000 0.020000 0.012000
2 0.374000 0.551000 0.024000 0.018000
2 0.436000 0.558000 0.028000 0.020000
2 0.391000 0.569000 0.026000 0.022000
2 0.397000 0.610000 0.042000 0.032000
2 0.354000 0.605000 0.040000 0.030000
2 0.264000 0.634000 0.052000 0.040000
2 0.538000 0.639000 0.044000 0.038000
2 0.581000 0.615000 0.042000 0.034000
2 0.623000 0.595000 0.038000 0.030000
2 0.737000 0.706000 0.078000 0.052000
2 0.252000 0.721000 0.072000 0.066000
2 0.316000 0.766000 0.092000 0.112000
2 0.081000 0.661000 0.074000 0.042000
1 0.053000 0.619000 0.102000 0.090000
