4 0.801449 0.748821 0.252174 0.502358
4 0.272464 0.668632 0.318841 0.662736
1 0.909420 0.915094 0.157971 0.169811
2 0.713768 0.951651 0.033333 0.040094
1 0.596377 0.750000 0.015942 0.028302
2 0.557246 0.759434 0.018841 0.037736
1 0.539855 0.742925 0.018841 0.023585
2 0.502899 0.791274 0.017391 0.021226
2 0.473188 0.788915 0.010145 0.016509
2 0.455797 0.943396 0.036232 0.066038
2 0.394203 0.977594 0.040580 0.044811
2 0.441304 0.795991 0.015942 0.025943
2 0.415942 0.801887 0.020290 0.028302
2 0.398551 0.781840 0.014493 0.021226
2 0.091304 0.942217 0.028986 0.040094
2 0.068116 0.969340 0.043478 0.033019
