2 0.787273 0.842949 0.127273 0.205128
2 0.385455 0.857372 0.130909 0.176282
2 0.464545 0.820513 0.096364 0.141026
2 0.175455 0.913462 0.270909 0.173077
2 0.031818 0.900641 0.060000 0.198718
2 0.315455 0.817308 0.092727 0.128205
2 0.250000 0.809295 0.078182 0.112179
2 0.131818 0.820513 0.118182 0.134615
2 0.583636 0.762821 0.050909 0.070513
2 0.512727 0.762821 0.043636 0.064103
2 0.537273 0.758013 0.034545 0.060897
1 0.680909 0.727564 0.121818 0.166667
1 0.758182 0.719551 0.047273 0.118590
2 0.055455 0.794872 0.074545 0.108974
4 0.858182 0.858974 0.061818 0.205128
3 0.859091 0.895833 0.063636 0.208333
4 0.918182 0.871795 0.069091 0.217949
3 0.917273 0.913462 0.070909 0.160256
4 0.946364 0.783654 0.041818 0.131410
4 0.984545 0.777244 0.030909 0.125000
4 0.905455 0.767628 0.018182 0.080128
4 0.850909 0.764423 0.029091 0.099359
