4 0.993724 0.738710 0.012552 0.090323
4 0.981869 0.743548 0.016736 0.087097
4 0.964435 0.782258 0.023710 0.151613
4 0.947699 0.780645 0.026499 0.148387
4 0.890516 0.729032 0.009763 0.083871
4 0.830544 0.738710 0.012552 0.090323
2 0.869596 0.727419 0.076709 0.061290
2 0.851464 0.720968 0.068340 0.054839
2 0.817992 0.719355 0.057183 0.051613
2 0.804742 0.717742 0.047420 0.048387
4 0.779637 0.717742 0.011158 0.061290
2 0.781032 0.706452 0.066946 0.070968
2 0.736402 0.711290 0.044630 0.041935
4 0.715481 0.737097 0.013947 0.087097
4 0.705718 0.741935 0.013947 0.083871
2 0.685495 0.703226 0.040446 0.032258
4 0.654812 0.754839 0.023710 0.109677
4 0.632497 0.745161 0.018131 0.109677
4 0.616457 0.740323 0.011158 0.080645
4 0.610181 0.756452 0.012552 0.100000
4 0.584379 0.754839 0.008368 0.083871
4 0.566946 0.737097 0.015342 0.087097
4 0.532775 0.706452 0.008368 0.051613
4 0.532078 0.735484 0.012552 0.083871
4 0.523710 0.737097 0.012552 0.087097
4 0.510460 0.732258 0.011158 0.096774
2 0.430265 0.811290 0.235704 0.177419
4 0.428173 0.737097 0.013947 0.100000
4 0.392608 0.741935 0.015342 0.077419
4 0.378661 0.746774 0.015342 0.080645
4 0.355649 0.740323 0.013947 0.087097
4 0.349372 0.748387 0.015342 0.090323
4 0.340307 0.750000 0.013947 0.100000
4 0.313808 0.700000 0.008368 0.051613
4 0.322176 0.737097 0.016736 0.093548
4 0.279637 0.759677 0.018131 0.112903
4 0.253835 0.751613 0.016736 0.129032
4 0.221060 0.735484 0.018131 0.096774
2 0.298466 0.698387 0.030683 0.035484
2 0.264993 0.703226 0.052999 0.038710
2 0.224547 0.708065 0.075314 0.061290
2 0.120642 0.695161 0.040446 0.048387
2 0.131799 0.696774 0.043236 0.045161
4 0.132497 0.738710 0.016736 0.090323
2 0.138075 0.695161 0.039052 0.048387
2 0.147141 0.698387 0.034868 0.041935
4 0.374477 0.622581 0.006974 0.032258
4 0.368898 0.625806 0.006974 0.032258
