2 0.452429 0.698142 0.419028 0.213622
2 0.967611 0.645511 0.064777 0.188854
4 0.910931 0.647059 0.028340 0.148607
4 0.919028 0.656347 0.040486 0.130031
4 0.891700 0.620743 0.022267 0.120743
4 0.691296 0.650155 0.046559 0.154799
4 0.681174 0.650155 0.042510 0.154799
0 0.686235 0.674923 0.093117 0.105263
4 0.559717 0.647059 0.026316 0.142415
4 0.506073 0.645511 0.024291 0.151703
4 0.346154 0.617647 0.028340 0.089783
3 0.345142 0.642415 0.042510 0.052632
4 0.322874 0.628483 0.022267 0.130031
4 0.237854 0.616099 0.022267 0.086687
4 0.134615 0.623839 0.022267 0.120743
4 0.014170 0.637771 0.024291 0.117647
3 0.022267 0.682663 0.040486 0.089783
