4 0.637500 0.816901 0.043182 0.225352
4 0.592045 0.820423 0.047727 0.232394
4 0.947727 0.778169 0.018182 0.063380
4 0.222727 0.767606 0.018182 0.063380
0 0.222727 0.779930 0.018182 0.038732
4 0.201136 0.765845 0.020455 0.052817
3 0.201136 0.785211 0.020455 0.035211
4 0.182955 0.764085 0.015909 0.056338
3 0.181818 0.774648 0.013636 0.049296
4 0.171591 0.765845 0.020455 0.059859
3 0.171591 0.786972 0.020455 0.052817
4 0.134091 0.758803 0.018182 0.052817
3 0.132955 0.776408 0.020455 0.038732
4 0.092045 0.771127 0.025000 0.063380
3 0.092045 0.794014 0.025000 0.052817
4 0.014773 0.767606 0.025000 0.070423
3 0.013636 0.785211 0.022727 0.056338
