4 0.963095 0.651786 0.040476 0.153571
0 0.964286 0.687500 0.038095 0.100000
4 0.936310 0.636607 0.029762 0.119643
0 0.939286 0.674107 0.033333 0.094643
4 0.914286 0.645536 0.038095 0.094643
3 0.913690 0.684821 0.034524 0.076786
4 0.897619 0.630357 0.030952 0.089286
4 0.889881 0.617857 0.025000 0.064286
4 0.866071 0.611607 0.029762 0.073214
4 0.850595 0.616071 0.022619 0.067857
4 0.838095 0.612500 0.019048 0.060714
4 0.828571 0.612500 0.021429 0.046429
4 0.807143 0.606250 0.019048 0.055357
4 0.791071 0.606250 0.017857 0.055357
4 0.783929 0.608036 0.020238 0.051786
2 0.723810 0.648214 0.126190 0.196429
4 0.726190 0.666071 0.057143 0.135714
3 0.726190 0.687500 0.057143 0.110714
2 0.797619 0.793750 0.254762 0.287500
4 0.626190 0.669643 0.054762 0.139286
3 0.627976 0.701786 0.051190 0.128571
4 0.654167 0.661607 0.041667 0.130357
3 0.652381 0.700000 0.038095 0.114286
2 0.657738 0.586607 0.020238 0.026786
2 0.641667 0.590179 0.026190 0.030357
2 0.600595 0.607143 0.063095 0.110714
2 0.513095 0.631250 0.064286 0.073214
2 0.550000 0.660714 0.107143 0.160714
2 0.535119 0.684821 0.115476 0.148214
2 0.511905 0.699107 0.123810 0.162500
2 0.501190 0.736607 0.154762 0.208929
2 0.446429 0.763393 0.192857 0.244643
2 0.367262 0.826786 0.267857 0.346429
2 0.247619 0.849107 0.445238 0.298214
2 0.032738 0.803571 0.063095 0.271429
2 0.200000 0.718750 0.166667 0.212500
2 0.060119 0.733929 0.117857 0.178571
2 0.070238 0.695536 0.138095 0.166071
2 0.108929 0.641964 0.091667 0.108929
2 0.191667 0.641071 0.100000 0.110714
2 0.248214 0.676786 0.177381 0.164286
2 0.291667 0.671429 0.128571 0.132143
2 0.345833 0.675000 0.120238 0.139286
2 0.393452 0.672321 0.094048 0.144643
2 0.413690 0.662500 0.072619 0.125000
2 0.375000 0.623214 0.057143 0.064286
2 0.833929 0.655357 0.151190 0.121429
