4 0.845238 0.598790 0.302381 0.802419
4 0.852381 0.608871 0.288095 0.774194
4 0.875000 0.576613 0.226190 0.685484
4 0.433333 0.657258 0.188095 0.677419
4 0.565476 0.664315 0.230952 0.671371
4 0.631548 0.610887 0.184524 0.616935
4 0.092262 0.730847 0.155952 0.538306
4 0.195238 0.680444 0.140476 0.510081
4 0.020238 0.625000 0.038095 0.205645
4 0.039881 0.620968 0.039286 0.193548
4 0.105952 0.559476 0.028571 0.110887
4 0.118452 0.534274 0.020238 0.056452
4 0.127976 0.529234 0.020238 0.066532
4 0.140476 0.528226 0.026190 0.068548
4 0.219643 0.512097 0.022619 0.080645
4 0.269048 0.496976 0.019048 0.074597
4 0.302381 0.502016 0.026190 0.104839
4 0.311310 0.498992 0.034524 0.098790
4 0.333929 0.491935 0.022619 0.108871
4 0.672619 0.390121 0.021429 0.086694
2 0.895238 0.306452 0.038095 0.028226
2 0.906548 0.290323 0.034524 0.032258
