2 0.936667 0.747664 0.048889 0.063551
2 0.886111 0.741121 0.034444 0.046729
4 0.706667 0.871028 0.046667 0.198131
4 0.726667 0.885047 0.042222 0.166355
2 0.531111 0.767290 0.037778 0.046729
2 0.506667 0.747664 0.028889 0.033645
2 0.453333 0.770093 0.048889 0.059813
2 0.291111 0.884112 0.126667 0.164486
2 0.331667 0.787850 0.047778 0.087850
2 0.360000 0.787850 0.040000 0.061682
2 0.372778 0.771028 0.038889 0.061682
2 0.362222 0.720561 0.024444 0.042991
1 0.303333 0.728037 0.051111 0.069159
2 0.280000 0.753271 0.026667 0.048598
2 0.240556 0.773832 0.063333 0.056075
4 0.157778 0.762617 0.011111 0.037383
4 0.147222 0.765421 0.014444 0.035514
2 0.113889 0.758879 0.047778 0.048598
2 0.033333 0.867290 0.064444 0.145794
2 0.013333 0.888785 0.024444 0.136449
2 0.711667 0.751402 0.038889 0.048598
