1 0.785000 0.604712 0.114000 0.162304
1 0.455000 0.730366 0.138000 0.183246
2 0.219000 0.772251 0.114000 0.120419
2 0.377000 0.685864 0.090000 0.083770
1 0.557000 0.594241 0.134000 0.219895
1 0.672000 0.568063 0.112000 0.172775
1 0.874000 0.464660 0.076000 0.107330
2 0.743000 0.492147 0.054000 0.057592
2 0.491000 0.460733 0.046000 0.047120
2 0.359000 0.506545 0.050000 0.044503
1 0.365000 0.458115 0.062000 0.078534
2 0.250000 0.592932 0.076000 0.060209
2 0.217000 0.532723 0.058000 0.060209
1 0.104000 0.556283 0.124000 0.191099
2 0.014000 0.598168 0.024000 0.075916
