4 0.786905 0.749107 0.259524 0.501786
4 0.457143 0.591964 0.473810 0.812500
3 0.441071 0.816071 0.879762 0.367857
4 0.445833 0.582143 0.125000 0.707143
2 0.882143 0.372321 0.235714 0.298214
3 0.753571 0.390179 0.026190 0.073214
4 0.726786 0.382143 0.027381 0.100000
4 0.719048 0.375000 0.026190 0.107143
4 0.703571 0.370536 0.021429 0.080357
4 0.683333 0.381250 0.033333 0.098214
3 0.677976 0.395536 0.065476 0.073214
4 0.630357 0.379464 0.022619 0.098214
4 0.367857 0.375000 0.019048 0.092857
2 0.430952 0.375893 0.183333 0.123214
2 0.216071 0.385714 0.120238 0.092857
1 0.080357 0.275893 0.158333 0.444643
