2 0.330769 0.896359 0.297436 0.207283
2 0.556410 0.829132 0.169231 0.151261
2 0.619231 0.666667 0.115385 0.106443
2 0.789744 0.697479 0.133333 0.117647
2 0.926923 0.896359 0.146154 0.207283
2 0.821795 0.617647 0.100000 0.086835
2 0.662821 0.574230 0.094872 0.078431
2 0.983333 0.707283 0.033333 0.114846
2 0.961538 0.539216 0.071795 0.064426
2 0.812821 0.525210 0.071795 0.064426
2 0.703846 0.523810 0.069231 0.061625
2 0.700000 0.492997 0.061538 0.061625
2 0.847436 0.508403 0.058974 0.058824
2 0.939744 0.528011 0.069231 0.070028
2 0.728205 0.476190 0.041026 0.044818
2 0.735897 0.462185 0.046154 0.050420
2 0.896154 0.483193 0.064103 0.058824
2 0.330769 0.704482 0.123077 0.103641
2 0.373077 0.652661 0.110256 0.095238
2 0.442308 0.610644 0.100000 0.078431
2 0.496154 0.561625 0.089744 0.070028
2 0.161538 0.677871 0.123077 0.106443
2 0.252564 0.612045 0.110256 0.120448
2 0.096154 0.806723 0.182051 0.145658
2 0.070513 0.641457 0.100000 0.084034
2 0.134615 0.581232 0.105128 0.086835
2 0.192308 0.577031 0.066667 0.072829
2 0.380769 0.549020 0.079487 0.072829
2 0.223077 0.553221 0.076923 0.075630
2 0.471795 0.507003 0.056410 0.050420
2 0.570513 0.508403 0.069231 0.053221
2 0.300000 0.519608 0.066667 0.058824
2 0.414103 0.536415 0.069231 0.064426
2 0.374359 0.491597 0.061538 0.053221
2 0.508974 0.481793 0.053846 0.044818
2 0.430769 0.516807 0.066667 0.064426
2 0.410256 0.478992 0.046154 0.044818
2 0.585897 0.484594 0.053846 0.050420
1 0.219231 0.473389 0.115385 0.123249
1 0.402564 0.410364 0.076923 0.092437
2 0.967949 0.476190 0.064103 0.078431
2 0.816667 0.491597 0.058974 0.047619
