4 0.719120 0.870091 0.030457 0.157100
4 0.697124 0.870091 0.023689 0.126888
4 0.690355 0.880665 0.023689 0.123867
4 0.617597 0.720544 0.145516 0.558912
4 0.549069 0.879154 0.028765 0.132931
4 0.517766 0.874622 0.030457 0.154079
4 0.494924 0.879154 0.025381 0.138973
4 0.475465 0.883686 0.027073 0.129909
4 0.436548 0.880665 0.030457 0.148036
4 0.275804 0.895770 0.020305 0.087613
4 0.253807 0.891239 0.020305 0.096677
4 0.237733 0.891239 0.015228 0.096677
4 0.225888 0.888218 0.018613 0.102719
4 0.202200 0.888218 0.018613 0.108761
4 0.186971 0.891239 0.015228 0.096677
4 0.365482 0.660121 0.169205 0.679758
