2 0.634106 0.896853 0.089404 0.080420
2 0.753311 0.861888 0.082781 0.080420
2 0.839404 0.828671 0.069536 0.055944
2 0.511589 0.839161 0.076159 0.062937
2 0.605960 0.860140 0.086093 0.062937
2 0.698675 0.833916 0.066225 0.059441
2 0.544702 0.807692 0.069536 0.055944
2 0.640728 0.798951 0.062914 0.052448
2 0.715232 0.791958 0.052980 0.059441
2 0.812914 0.811189 0.056291 0.048951
2 0.887417 0.933566 0.112583 0.083916
1 0.763245 0.758741 0.076159 0.097902
2 0.571192 0.770979 0.043046 0.045455
2 0.576159 0.741259 0.046358 0.048951
1 0.695364 0.743007 0.072848 0.094406
1 0.657285 0.732517 0.069536 0.087413
1 0.048013 0.868881 0.082781 0.073427
2 0.056291 0.795455 0.066225 0.066434
2 0.124172 0.769231 0.056291 0.048951
2 0.132450 0.837413 0.072848 0.059441
2 0.175497 0.818182 0.052980 0.055944
2 0.215232 0.809441 0.052980 0.052448
2 0.259934 0.788462 0.056291 0.052448
