2 0.981250 0.637931 0.037500 0.057471
2 0.931250 0.578544 0.042500 0.061303
1 0.880000 0.588123 0.070000 0.095785
2 0.981250 0.946360 0.037500 0.107280
2 0.950000 0.850575 0.100000 0.122605
2 0.873750 0.739464 0.077500 0.091954
2 0.803750 0.687739 0.067500 0.080460
2 0.806250 0.634100 0.062500 0.065134
2 0.741250 0.586207 0.052500 0.061303
2 0.812500 0.942529 0.130000 0.114943
2 0.711250 0.963602 0.152500 0.072797
2 0.637500 0.854406 0.090000 0.107280
2 0.697500 0.787356 0.090000 0.111111
2 0.621250 0.743295 0.082500 0.091954
2 0.727500 0.714559 0.070000 0.080460
2 0.682500 0.643678 0.060000 0.076628
2 0.593750 0.670498 0.072500 0.091954
2 0.671250 0.601533 0.057500 0.068966
2 0.573750 0.605364 0.062500 0.068966
2 0.651250 0.551724 0.057500 0.061303
2 0.566250 0.532567 0.047500 0.061303
2 0.673750 0.446360 0.037500 0.049808
2 0.657500 0.425287 0.045000 0.061303
1 0.625000 0.375479 0.040000 0.076628
2 0.607500 0.440613 0.040000 0.061303
2 0.548750 0.450192 0.037500 0.049808
2 0.342500 0.873563 0.105000 0.160920
2 0.368750 0.770115 0.087500 0.091954
2 0.386250 0.699234 0.072500 0.080460
2 0.428750 0.482759 0.052500 0.068966
2 0.366250 0.478927 0.052500 0.053640
2 0.283750 0.507663 0.042500 0.057471
2 0.343750 0.559387 0.047500 0.076628
2 0.220000 0.620690 0.070000 0.076628
2 0.283750 0.699234 0.072500 0.088123
2 0.085000 0.775862 0.095000 0.111111
2 0.210000 0.823755 0.100000 0.153257
2 0.136250 0.913793 0.112500 0.172414
