2 0.938947 0.868506 0.122105 0.155844
4 0.974211 0.749188 0.034737 0.121753
0 0.975263 0.773539 0.032632 0.069805
4 0.850000 0.732143 0.034737 0.107143
3 0.850526 0.763799 0.035789 0.079545
2 0.814737 0.664773 0.134737 0.095779
4 0.962105 0.515422 0.021053 0.063312
2 0.822632 0.538149 0.156842 0.095779
2 0.802105 0.525162 0.122105 0.089286
2 0.912105 0.517857 0.070526 0.081169
4 0.907895 0.477273 0.020000 0.077922
4 0.929474 0.466721 0.025263 0.079545
1 0.892105 0.477273 0.129474 0.094156
2 0.663684 0.955357 0.148421 0.089286
2 0.703684 0.909903 0.127368 0.154221
2 0.750526 0.847403 0.126316 0.159091
2 0.714211 0.769481 0.100000 0.126623
2 0.700526 0.714286 0.087368 0.123377
4 0.692632 0.621753 0.027368 0.058442
3 0.693158 0.637987 0.026316 0.048701
4 0.694737 0.599838 0.018947 0.056818
4 0.639474 0.590909 0.022105 0.077922
0 0.640526 0.607955 0.022105 0.060065
4 0.678947 0.567370 0.023158 0.066558
3 0.678947 0.591721 0.023158 0.069805
4 0.684211 0.538961 0.023158 0.074675
4 0.646316 0.540584 0.027368 0.064935
4 0.663158 0.498377 0.014737 0.081169
4 0.643684 0.500812 0.017895 0.073052
4 0.620000 0.508929 0.023158 0.082792
4 0.593158 0.509740 0.022105 0.074675
4 0.588947 0.452922 0.017895 0.055195
0 0.588947 0.472403 0.015789 0.038961
4 0.684737 0.456169 0.013684 0.071429
4 0.670000 0.461851 0.017895 0.066558
4 0.651053 0.424513 0.017895 0.060065
4 0.616316 0.394481 0.013684 0.051948
0 0.616316 0.406656 0.013684 0.037338
2 0.496316 0.921266 0.129474 0.154221
2 0.550526 0.853896 0.126316 0.129870
2 0.618421 0.828734 0.106316 0.141234
2 0.539474 0.780032 0.100000 0.118506
2 0.560526 0.731331 0.089474 0.095779
2 0.546316 0.693994 0.109474 0.105519
2 0.557895 0.676136 0.075789 0.095779
2 0.505789 0.654221 0.076842 0.097403
2 0.539474 0.609578 0.070526 0.076299
2 0.560000 0.571429 0.065263 0.090909
2 0.545789 0.563312 0.062105 0.061688
2 0.554211 0.545455 0.062105 0.074675
2 0.552632 0.413149 0.042105 0.043831
2 0.546316 0.375812 0.037895 0.050325
4 0.567895 0.391234 0.015789 0.048701
2 0.541579 0.354708 0.030526 0.037338
1 0.497895 0.371753 0.056842 0.100649
2 0.441053 0.383117 0.037895 0.048701
2 0.439474 0.360390 0.032632 0.045455
1 0.434211 0.331981 0.045263 0.086039
2 0.375263 0.385552 0.036842 0.043831
2 0.385263 0.375000 0.035789 0.058442
2 0.383158 0.356331 0.035789 0.037338
2 0.384211 0.339286 0.029474 0.038961
2 0.403684 0.331981 0.024211 0.040584
2 0.364211 0.343344 0.025263 0.037338
2 0.366842 0.886364 0.125263 0.146104
2 0.435789 0.741883 0.101053 0.120130
2 0.403684 0.711851 0.087368 0.105519
2 0.327895 0.628247 0.066316 0.087662
2 0.367368 0.604708 0.073684 0.099026
2 0.440000 0.586851 0.067368 0.086039
2 0.443158 0.573052 0.065263 0.081169
2 0.471053 0.567370 0.047368 0.066558
1 0.482105 0.543831 0.065263 0.094156
2 0.377368 0.543831 0.051579 0.068182
2 0.363158 0.548701 0.052632 0.058442
2 0.351579 0.551948 0.067368 0.058442
2 0.348947 0.572240 0.068421 0.073052
2 0.254737 0.569805 0.052632 0.058442
4 0.230526 0.543019 0.012632 0.043831
2 0.256316 0.554383 0.057895 0.063312
2 0.268947 0.542208 0.051579 0.058442
4 0.333684 0.514610 0.012632 0.064935
4 0.412632 0.520292 0.014737 0.076299
4 0.440000 0.509740 0.027368 0.064935
4 0.505789 0.512987 0.022105 0.071429
4 0.547895 0.505682 0.020000 0.066558
4 0.559474 0.519481 0.011579 0.058442
0 0.506316 0.528409 0.023158 0.060065
0 0.438947 0.521916 0.027368 0.040584
