4 0.115124 0.510545 0.085779 0.311072
0 0.112867 0.601054 0.079007 0.228471
4 0.420993 0.594903 0.108352 0.472759
4 0.503386 0.613357 0.092551 0.446397
4 0.563205 0.487698 0.038375 0.177504
4 0.603837 0.483304 0.040632 0.189807
4 0.838600 0.682777 0.250564 0.634446
2 0.065463 0.498243 0.124153 0.300527
2 0.162528 0.464851 0.090293 0.149385
2 0.214447 0.450791 0.090293 0.131810
2 0.806433 0.535149 0.161400 0.216169
2 0.928894 0.628295 0.142212 0.377856
2 0.755643 0.497364 0.075621 0.161687
2 0.415350 0.510545 0.153499 0.205624
2 0.264673 0.434095 0.073363 0.091388
