2 0.211111 0.730833 0.133333 0.135000
2 0.018889 0.617500 0.035556 0.038333
2 0.016111 0.576667 0.023333 0.020000
2 0.076111 0.585833 0.034444 0.031667
2 0.149444 0.580000 0.032222 0.026667
2 0.315556 0.603333 0.046667 0.033333
2 0.400556 0.640833 0.072222 0.055000
2 0.505000 0.626667 0.065556 0.046667
2 0.496111 0.608333 0.063333 0.040000
2 0.930000 0.620000 0.100000 0.043333
2 0.931111 0.583333 0.055556 0.033333
1 0.859444 0.560833 0.030000 0.041667
2 0.830556 0.568333 0.021111 0.023333
2 0.818889 0.586667 0.055556 0.026667
2 0.688889 0.607500 0.060000 0.028333
1 0.446667 0.557500 0.077778 0.041667
2 0.347778 0.574167 0.024444 0.021667
2 0.327778 0.575833 0.026667 0.021667
2 0.268333 0.578333 0.027778 0.016667
1 0.230556 0.569167 0.034444 0.025000
