4 0.295556 0.928155 0.026667 0.108738
3 0.295556 0.948544 0.033333 0.075728
2 0.485556 0.905825 0.060000 0.071845
2 0.222222 0.899029 0.040000 0.042718
2 0.286111 0.897087 0.058889 0.050485
2 0.315000 0.899029 0.036667 0.050485
2 0.082778 0.888350 0.034444 0.036893
2 0.148333 0.888350 0.027778 0.033010
2 0.195556 0.886408 0.028889 0.040777
2 0.830000 0.919417 0.075556 0.064078
2 0.902222 0.904854 0.075556 0.077670
2 0.660000 0.904854 0.046667 0.042718
2 0.688889 0.896117 0.046667 0.044660
2 0.602778 0.903883 0.036667 0.044660
1 0.579444 0.875728 0.087778 0.066019
2 0.555556 0.900000 0.040000 0.036893
2 0.783889 0.907767 0.054444 0.052427
1 0.930556 0.878641 0.138889 0.102913
2 0.432222 0.896117 0.035556 0.040777
2 0.397222 0.893204 0.036667 0.034951
