2 0.289091 0.911585 0.189091 0.176829
2 0.498182 0.861280 0.065455 0.112805
2 0.409091 0.867378 0.072727 0.100610
2 0.607273 0.864329 0.065455 0.070122
2 0.755455 0.891768 0.100000 0.082317
2 0.672727 0.878049 0.072727 0.073171
2 0.570909 0.855183 0.040000 0.064024
2 0.182727 0.879573 0.147273 0.161585
2 0.321818 0.847561 0.036364 0.079268
2 0.358182 0.861280 0.040000 0.064024
2 0.440909 0.861280 0.038182 0.076220
2 0.043636 0.850610 0.080000 0.060976
2 0.034545 0.920732 0.065455 0.158537
1 0.427273 0.832317 0.058182 0.079268
2 0.959091 0.893293 0.078182 0.091463
