2 0.607778 0.852670 0.117778 0.132597
2 0.412778 0.834254 0.067778 0.081031
1 0.148889 0.787293 0.075556 0.127072
1 0.212222 0.790055 0.053333 0.088398
2 0.352222 0.818600 0.048889 0.064457
2 0.321111 0.812155 0.033333 0.047882
2 0.286667 0.803867 0.031111 0.049724
2 0.436111 0.819521 0.052222 0.073665
2 0.726111 0.815838 0.056667 0.092081
2 0.844444 0.835175 0.077778 0.075506
2 0.784444 0.829650 0.055556 0.068140
2 0.515000 0.818600 0.036667 0.057090
1 0.615556 0.798343 0.080000 0.101289
1 0.498889 0.791897 0.062222 0.066298
2 0.488333 0.806630 0.054444 0.062615
2 0.235000 0.811234 0.023333 0.038674
