4 0.523636 0.739130 0.320000 0.521739
4 0.815455 0.779891 0.201818 0.429348
4 0.256364 0.769022 0.203636 0.461957
4 0.090909 0.815217 0.120000 0.353261
2 0.606364 0.745924 0.223636 0.263587
2 0.090000 0.750000 0.176364 0.222826
2 0.210000 0.713315 0.256364 0.230978
2 0.670000 0.692935 0.180000 0.206522
2 0.862727 0.675272 0.158182 0.187500
2 0.944545 0.622283 0.107273 0.152174
3 0.814545 0.883152 0.236364 0.233696
0 0.520909 0.921196 0.354545 0.152174
0 0.242727 0.903533 0.212727 0.192935
3 0.102727 0.880435 0.172727 0.239130
