2 0.936982 0.955923 0.126036 0.082645
2 0.893864 0.888430 0.142620 0.195592
2 0.729685 0.955923 0.189055 0.088154
2 0.699834 0.871901 0.159204 0.201102
2 0.649254 0.819559 0.114428 0.157025
2 0.852405 0.797521 0.129353 0.184573
2 0.815920 0.742424 0.109453 0.151515
2 0.644279 0.725895 0.114428 0.134986
2 0.781095 0.701102 0.102819 0.134986
2 0.765340 0.665289 0.084577 0.107438
2 0.624378 0.677686 0.104478 0.126722
2 0.609453 0.637741 0.087894 0.107438
2 0.746269 0.625344 0.096186 0.121212
2 0.721393 0.600551 0.066335 0.104683
2 0.593698 0.601928 0.069652 0.096419
2 0.589552 0.557851 0.054726 0.063361
2 0.708955 0.588154 0.067993 0.096419
2 0.683250 0.570248 0.059701 0.082645
2 0.669983 0.561983 0.056385 0.077135
2 0.570481 0.555096 0.053068 0.079890
2 0.550580 0.541322 0.049751 0.068871
2 0.642620 0.537190 0.044776 0.060606
2 0.627695 0.524793 0.034826 0.046832
2 0.621061 0.515152 0.034826 0.038567
2 0.614428 0.509642 0.038143 0.049587
1 0.668325 0.473829 0.059701 0.093664
1 0.704809 0.497245 0.066335 0.112948
2 0.744610 0.549587 0.056385 0.057851
1 0.832504 0.544077 0.122720 0.201102
2 0.846600 0.608815 0.077944 0.121212
2 0.929519 0.650138 0.087894 0.115702
2 0.922886 0.681818 0.094527 0.123967
2 0.939469 0.731405 0.084577 0.123967
1 0.963516 0.648760 0.072968 0.366391
2 0.292703 0.907713 0.150912 0.184573
1 0.053897 0.866391 0.104478 0.267218
2 0.140962 0.782369 0.126036 0.159780
2 0.342454 0.724518 0.104478 0.148760
2 0.365672 0.641873 0.094527 0.115702
2 0.391376 0.593664 0.072968 0.090909
2 0.241294 0.639118 0.097844 0.115702
2 0.106136 0.647383 0.096186 0.121212
2 0.150083 0.607438 0.084577 0.101928
2 0.213101 0.557851 0.067993 0.079890
2 0.281924 0.586777 0.076285 0.093664
2 0.316750 0.545455 0.066335 0.082645
2 0.408789 0.552342 0.064677 0.090909
2 0.344942 0.537190 0.046434 0.066116
2 0.299337 0.526171 0.038143 0.055096
2 0.360697 0.526171 0.044776 0.066116
2 0.432007 0.527548 0.044776 0.068871
