4 0.694928 0.579348 0.169565 0.741304
4 0.573188 0.536957 0.128986 0.582609
4 0.420290 0.553261 0.185507 0.745652
4 0.976812 0.466304 0.011594 0.054348
4 0.942029 0.468478 0.011594 0.063043
4 0.925362 0.466304 0.013043 0.050000
4 0.882609 0.465217 0.014493 0.043478
4 0.831884 0.463043 0.008696 0.039130
4 0.818116 0.468478 0.013043 0.050000
4 0.531159 0.473913 0.018841 0.078261
4 0.511594 0.476087 0.020290 0.073913
4 0.209420 0.465217 0.015942 0.086957
4 0.217391 0.468478 0.014493 0.076087
4 0.191304 0.463043 0.014493 0.069565
4 0.181159 0.466304 0.014493 0.076087
4 0.170290 0.465217 0.018841 0.073913
4 0.163768 0.466304 0.020290 0.071739
4 0.147826 0.465217 0.017391 0.069565
4 0.134783 0.464130 0.011594 0.041304
4 0.126087 0.463043 0.008696 0.039130
4 0.107246 0.464130 0.023188 0.080435
4 0.079710 0.467391 0.014493 0.073913
4 0.064493 0.465217 0.018841 0.082609
4 0.034058 0.464130 0.030435 0.115217
4 0.010145 0.467391 0.017391 0.078261
