1 0.925170 0.890681 0.095238 0.139785
2 0.649660 0.980287 0.074830 0.039427
2 0.591837 0.887097 0.077098 0.089606
1 0.539683 0.946237 0.158730 0.107527
2 0.492063 0.901434 0.072562 0.111111
2 0.510204 0.856631 0.058957 0.086022
2 0.459184 0.804659 0.061224 0.082437
2 0.558957 0.770609 0.052154 0.064516
2 0.397959 0.851254 0.065760 0.089606
2 0.555556 0.724014 0.040816 0.064516
2 0.524943 0.731183 0.052154 0.078853
2 0.470522 0.716846 0.047619 0.071685
2 0.385488 0.765233 0.054422 0.068100
2 0.405896 0.732975 0.049887 0.068100
2 0.384354 0.716846 0.043084 0.057348
2 0.112245 0.982079 0.070295 0.035842
2 0.180272 0.894265 0.074830 0.096774
2 0.216553 0.783154 0.061224 0.075269
2 0.248299 0.715054 0.052154 0.068100
2 0.270975 0.677419 0.038549 0.050179
2 0.222222 0.666667 0.036281 0.057348
2 0.199546 0.686380 0.040816 0.053763
1 0.156463 0.713262 0.081633 0.136201
2 0.125850 0.788530 0.056689 0.078853
2 0.089569 0.853047 0.070295 0.086022
2 0.038549 0.942652 0.072562 0.100358
2 0.119048 0.691756 0.034014 0.050179
2 0.082766 0.732975 0.052154 0.068100
2 0.056689 0.761649 0.054422 0.068100
2 0.036281 0.786738 0.063492 0.082437
2 0.023810 0.826165 0.043084 0.082437
