2 0.302372 0.873881 0.276680 0.162687
2 0.890316 0.813433 0.136364 0.077612
2 0.537549 0.808955 0.122530 0.065672
2 0.605731 0.782836 0.065217 0.043284
2 0.628458 0.781343 0.039526 0.043284
2 0.505929 0.791791 0.063241 0.046269
2 0.055336 0.867164 0.106719 0.131343
2 0.140316 0.826119 0.138340 0.085075
2 0.042490 0.814179 0.081028 0.064179
2 0.720356 0.754478 0.049407 0.043284
2 0.783597 0.747015 0.037549 0.025373
2 0.843874 0.746269 0.039526 0.026866
2 0.700593 0.749254 0.033597 0.026866
2 0.804348 0.742537 0.027668 0.022388
2 0.933794 0.736567 0.045455 0.034328
2 0.075099 0.780597 0.071146 0.041791
2 0.303360 0.759701 0.053360 0.029851
2 0.517787 0.747761 0.043478 0.023881
2 0.923913 0.807463 0.084980 0.065672
2 0.874506 0.797761 0.084980 0.055224
