1 0.712500 0.759722 0.325000 0.363889
4 0.973958 0.788889 0.035417 0.127778
0 0.975000 0.819444 0.033333 0.088889
4 0.885417 0.759722 0.025000 0.080556
0 0.887500 0.787500 0.025000 0.058333
2 0.570833 0.758333 0.058333 0.083333
2 0.351042 0.883333 0.214583 0.216667
2 0.423958 0.784722 0.102083 0.108333
2 0.448958 0.756944 0.068750 0.080556
2 0.519792 0.708333 0.043750 0.061111
2 0.476042 0.747222 0.064583 0.083333
2 0.406250 0.723611 0.050000 0.063889
2 0.395833 0.752778 0.050000 0.083333
2 0.356250 0.751389 0.062500 0.075000
2 0.265625 0.763889 0.089583 0.111111
2 0.287500 0.797222 0.129167 0.133333
2 0.213542 0.763889 0.056250 0.066667
2 0.131250 0.719444 0.054167 0.061111
2 0.061458 0.719444 0.060417 0.061111
2 0.054167 0.795833 0.104167 0.125000
2 0.080208 0.859722 0.156250 0.208333
