4 0.852000 0.835165 0.072000 0.322344
4 0.609000 0.816850 0.066000 0.366300
4 0.389000 0.826007 0.066000 0.340659
4 0.105000 0.811355 0.022000 0.098901
4 0.129000 0.807692 0.022000 0.091575
4 0.512000 0.864469 0.048000 0.161172
4 0.454000 0.815018 0.024000 0.106227
4 0.481000 0.809524 0.022000 0.095238
4 0.571000 0.816850 0.046000 0.249084
4 0.672000 0.802198 0.016000 0.080586
4 0.874000 0.835165 0.032000 0.227106
4 0.909000 0.807692 0.038000 0.179487
4 0.981000 0.811355 0.022000 0.098901
4 0.952000 0.813187 0.028000 0.102564
