4 0.728986 0.636628 0.205797 0.699612
2 0.957246 0.494186 0.085507 0.259690
2 0.671014 0.501938 0.257971 0.310078
2 0.597101 0.469961 0.136232 0.164729
4 0.523913 0.500000 0.094203 0.193798
4 0.460870 0.444767 0.046377 0.156977
4 0.431159 0.471899 0.111594 0.253876
2 0.258696 0.611434 0.514493 0.722868
2 0.310870 0.600775 0.618841 0.558140
2 0.300725 0.614341 0.598551 0.422481
2 0.182609 0.567829 0.362319 0.414729
2 0.192029 0.490310 0.378261 0.298450
4 0.878261 0.414729 0.020290 0.062016
0 0.878261 0.437984 0.020290 0.038760
