2 0.575362 0.554825 0.095652 0.122807
2 0.214493 0.633772 0.275362 0.267544
2 0.464493 0.524123 0.082609 0.092105
2 0.115942 0.581140 0.171014 0.162281
2 0.307246 0.524123 0.107246 0.092105
2 0.409420 0.498904 0.073913 0.081140
2 0.528261 0.490132 0.056522 0.094298
2 0.621014 0.462719 0.062319 0.127193
2 0.168841 0.493421 0.071014 0.057018
2 0.245652 0.489035 0.062319 0.057018
2 0.342754 0.496711 0.053623 0.059211
2 0.359420 0.444079 0.069565 0.072368
2 0.033333 0.509868 0.063768 0.076754
2 0.072464 0.485746 0.049275 0.046053
4 0.881884 0.502193 0.021739 0.074561
0 0.883333 0.521930 0.021739 0.061404
4 0.754348 0.485746 0.021739 0.054825
3 0.754348 0.502193 0.018841 0.043860
1 0.684058 0.451754 0.057971 0.057018
