4 0.399130 0.850844 0.126957 0.298311
4 0.469565 0.781426 0.107826 0.347092
4 0.823478 0.784240 0.113043 0.363977
4 0.900000 0.794559 0.095652 0.343340
4 0.291304 0.797373 0.029565 0.101313
4 0.333913 0.791745 0.034783 0.112570
4 0.587826 0.798311 0.034783 0.125704
4 0.660000 0.800188 0.026087 0.065666
4 0.632174 0.797373 0.029565 0.071295
4 0.611304 0.795497 0.022609 0.075047
4 0.550435 0.800188 0.026087 0.065666
4 0.067826 0.798311 0.024348 0.073171
4 0.021739 0.796435 0.019130 0.069418
4 0.010435 0.794559 0.017391 0.076923
4 0.097391 0.796435 0.020870 0.069418
4 0.106957 0.796435 0.019130 0.065666
4 0.153043 0.796435 0.027826 0.069418
4 0.186087 0.795497 0.017391 0.067542
4 0.200000 0.797373 0.020870 0.071295
4 0.218261 0.801126 0.015652 0.063790
4 0.240870 0.797373 0.022609 0.071295
4 0.760000 0.798311 0.031304 0.076923
4 0.737391 0.810507 0.020870 0.052533
2 0.752174 0.777674 0.099130 0.114447
