4 0.621849 0.759036 0.151261 0.481928
4 0.352941 0.716867 0.225210 0.566265
4 0.181513 0.959337 0.013445 0.081325
4 0.202521 0.956325 0.015126 0.087349
4 0.225210 0.957831 0.013445 0.084337
4 0.248739 0.960843 0.016807 0.078313
4 0.278992 0.963855 0.020168 0.066265
4 0.452941 0.944277 0.028571 0.111446
4 0.482353 0.945783 0.023529 0.108434
4 0.501681 0.944277 0.018487 0.111446
4 0.522689 0.942771 0.026891 0.114458
4 0.774790 0.960843 0.030252 0.078313
4 0.714286 0.939759 0.023529 0.120482
4 0.697479 0.945783 0.026891 0.108434
4 0.147059 0.920181 0.038655 0.159639
4 0.131933 0.915663 0.035294 0.168675
