2 0.582681 0.937879 0.081213 0.124242
2 0.149217 0.883333 0.081213 0.133333
2 0.068004 0.875000 0.090998 0.101515
2 0.020059 0.938636 0.038160 0.092424
2 0.115949 0.825758 0.073386 0.090909
2 0.157534 0.786364 0.062622 0.063636
2 0.220157 0.811364 0.070450 0.086364
2 0.190802 0.762121 0.041096 0.057576
2 0.263209 0.770455 0.056751 0.074242
2 0.215753 0.742424 0.036204 0.048485
4 0.053327 0.734091 0.018591 0.074242
4 0.120352 0.727273 0.011742 0.051515
4 0.130137 0.715152 0.013699 0.060606
4 0.142857 0.714394 0.011742 0.059091
4 0.162427 0.716667 0.007828 0.048485
4 0.196673 0.729545 0.009785 0.056061
4 0.204012 0.643182 0.010763 0.037879
4 0.217221 0.706818 0.015656 0.037879
4 0.168297 0.630303 0.011742 0.048485
4 0.378669 0.712121 0.013699 0.054545
4 0.411448 0.656818 0.006849 0.031818
4 0.428082 0.621970 0.006849 0.034848
4 0.401663 0.614394 0.006849 0.028788
4 0.400685 0.585606 0.006849 0.025758
4 0.445695 0.590152 0.006849 0.022727
4 0.445205 0.584848 0.007828 0.024242
1 0.442759 0.881061 0.139922 0.237879
2 0.553816 0.755303 0.048924 0.059091
2 0.532290 0.717424 0.043053 0.053030
1 0.466732 0.731061 0.076321 0.119697
2 0.535225 0.686364 0.035225 0.042424
2 0.534247 0.662879 0.031311 0.037879
2 0.532779 0.637121 0.028376 0.034848
2 0.532779 0.605303 0.022505 0.031818
2 0.523973 0.599242 0.020548 0.028788
2 0.522505 0.575758 0.013699 0.021212
2 0.518591 0.568939 0.011742 0.016667
2 0.523973 0.548485 0.010763 0.018182
1 0.527886 0.543182 0.012720 0.022727
1 0.522016 0.527273 0.012720 0.021212
2 0.484344 0.669697 0.033268 0.057576
2 0.459393 0.663636 0.026419 0.036364
2 0.495597 0.656061 0.028376 0.036364
2 0.485323 0.637879 0.029354 0.033333
2 0.459883 0.634848 0.025440 0.033333
2 0.497554 0.632576 0.026419 0.037879
1 0.500489 0.585606 0.020548 0.040909
1 0.463307 0.588636 0.030333 0.046970
1 0.472603 0.568939 0.021526 0.034848
2 0.500489 0.551515 0.010763 0.015152
1 0.479941 0.552273 0.018591 0.025758
1 0.480920 0.539394 0.014677 0.024242
2 0.497065 0.542424 0.009785 0.015152
2 0.507828 0.539394 0.009785 0.015152
1 0.885519 0.881061 0.228963 0.234848
4 0.909980 0.618182 0.007828 0.030303
4 0.872798 0.603788 0.005871 0.025758
4 0.807241 0.604545 0.007828 0.027273
2 0.770548 0.615909 0.020548 0.025758
2 0.759295 0.622727 0.025440 0.033333
4 0.788650 0.580303 0.007828 0.021212
4 0.795010 0.581061 0.004892 0.019697
2 0.724560 0.593182 0.020548 0.028788
2 0.659491 0.577273 0.015656 0.018182
2 0.643346 0.565152 0.014677 0.024242
2 0.681018 0.554545 0.009785 0.015152
