2 0.935833 0.636250 0.108333 0.057500
2 0.868333 0.630000 0.076667 0.050000
1 0.772500 0.600000 0.185000 0.065000
2 0.538333 0.631250 0.066667 0.047500
2 0.410000 0.625000 0.050000 0.035000
2 0.360000 0.628750 0.053333 0.037500
2 0.332500 0.625000 0.031667 0.035000
2 0.261667 0.632500 0.050000 0.035000
2 0.230833 0.626250 0.035000 0.032500
2 0.216667 0.621250 0.023333 0.022500
2 0.156667 0.620000 0.026667 0.025000
2 0.070000 0.622500 0.026667 0.025000
2 0.084167 0.621250 0.021667 0.022500
2 0.108333 0.616250 0.020000 0.022500
2 0.030833 0.621250 0.021667 0.022500
2 0.008333 0.620000 0.013333 0.025000
1 0.048333 0.616250 0.026667 0.032500
