4 0.772872 0.783486 0.454255 0.433028
2 0.257447 0.932110 0.202128 0.121101
2 0.962234 0.824771 0.052128 0.056881
2 0.813298 0.843119 0.047872 0.067890
2 0.737234 0.853211 0.068085 0.055046
2 0.592021 0.869725 0.101064 0.080734
2 0.654255 0.852294 0.072340 0.075229
2 0.456915 0.881651 0.111702 0.071560
2 0.557979 0.862385 0.064894 0.066055
2 0.405319 0.883486 0.076596 0.067890
2 0.368085 0.880734 0.057447 0.058716
2 0.256915 0.915596 0.218085 0.110092
2 0.168617 0.910092 0.130851 0.088073
2 0.092553 0.894495 0.100000 0.053211
2 0.038830 0.893578 0.075532 0.051376
