2 0.848916 0.932947 0.139566 0.127483
2 0.818428 0.823675 0.121951 0.144040
2 0.739837 0.699503 0.078591 0.077815
2 0.810976 0.652318 0.071816 0.066225
2 0.859756 0.599338 0.058266 0.056291
2 0.688347 0.562914 0.054201 0.043046
2 0.745935 0.546358 0.052846 0.049669
2 0.821816 0.553808 0.052846 0.054636
2 0.724255 0.479305 0.036585 0.034768
2 0.661924 0.478477 0.036585 0.039735
2 0.764905 0.447848 0.033875 0.034768
2 0.975610 0.733444 0.048780 0.082781
2 0.455962 0.916391 0.115176 0.134106
2 0.256098 0.901490 0.130081 0.130795
2 0.045393 0.913079 0.088076 0.127483
2 0.285230 0.809603 0.120596 0.102649
2 0.481030 0.821192 0.111111 0.105960
2 0.120596 0.814570 0.127371 0.145695
2 0.163957 0.774007 0.081301 0.097682
2 0.328591 0.750000 0.088076 0.099338
2 0.489837 0.732616 0.088076 0.081126
2 0.219512 0.737583 0.084011 0.084437
2 0.367209 0.706954 0.081301 0.082781
2 0.261518 0.706126 0.084011 0.084437
2 0.271003 0.668874 0.056911 0.059603
2 0.304201 0.636589 0.066396 0.054636
2 0.504743 0.669702 0.066396 0.084437
2 0.525068 0.616722 0.069106 0.071192
2 0.389566 0.628311 0.066396 0.061258
2 0.413279 0.578642 0.054201 0.051325
2 0.518970 0.589404 0.059621 0.059603
2 0.538618 0.535596 0.042005 0.044702
2 0.461382 0.530629 0.050136 0.044702
2 0.414634 0.495861 0.037940 0.041391
2 0.487805 0.451987 0.040650 0.046358
2 0.500678 0.423841 0.028455 0.033113
2 0.547425 0.426325 0.032520 0.031457
2 0.653117 0.431291 0.032520 0.041391
2 0.748645 0.425497 0.033875 0.039735
2 0.032520 0.667219 0.062331 0.059603
2 0.048103 0.644040 0.052846 0.056291
2 0.128049 0.623344 0.058266 0.051325
2 0.153117 0.614238 0.043360 0.049669
2 0.103659 0.605132 0.052846 0.054636
2 0.042683 0.582781 0.074526 0.052980
2 0.167344 0.583609 0.044715 0.044702
2 0.743225 0.543046 0.052846 0.049669
