4 0.300201 0.864428 0.030120 0.072139
3 0.301205 0.878109 0.028112 0.059701
4 0.138554 0.876866 0.028112 0.072139
3 0.137550 0.894279 0.030120 0.062189
2 0.327309 0.767413 0.060241 0.077114
2 0.525100 0.759950 0.046185 0.062189
2 0.450803 0.771144 0.042169 0.039801
2 0.776104 0.955224 0.082329 0.074627
2 0.750000 0.937811 0.074297 0.079602
2 0.773092 0.917910 0.076305 0.074627
2 0.739960 0.901741 0.070281 0.072139
2 0.735944 0.863184 0.062249 0.049751
2 0.723896 0.813433 0.066265 0.079602
2 0.910643 0.932836 0.086345 0.084577
2 0.880522 0.901741 0.078313 0.072139
2 0.866466 0.876866 0.062249 0.067164
2 0.967871 0.839552 0.060241 0.062189
2 0.944779 0.823383 0.066265 0.074627
1 0.910643 0.756219 0.090361 0.119403
2 0.812249 0.787313 0.062249 0.062189
2 0.856426 0.847015 0.058233 0.067164
2 0.877510 0.853234 0.060241 0.054726
2 0.948795 0.953980 0.090361 0.062189
2 0.939759 0.976368 0.096386 0.047264
2 0.759036 0.982587 0.096386 0.034826
