2 0.403226 0.911202 0.156682 0.150273
2 0.455069 0.855191 0.149770 0.136612
2 0.438940 0.786885 0.103687 0.120219
2 0.364055 0.959016 0.184332 0.076503
2 0.506912 0.775956 0.087558 0.114754
2 0.094470 0.941257 0.184332 0.117486
2 0.207373 0.883880 0.147465 0.139344
2 0.311060 0.763661 0.101382 0.095628
2 0.168203 0.818306 0.129032 0.144809
2 0.364055 0.714481 0.096774 0.101093
2 0.525346 0.696721 0.082949 0.103825
2 0.074885 0.789617 0.108295 0.114754
2 0.031106 0.868852 0.057604 0.120219
2 0.187788 0.739071 0.099078 0.095628
2 0.245392 0.707650 0.076037 0.081967
2 0.282258 0.683060 0.062212 0.054645
2 0.413594 0.687158 0.066820 0.068306
2 0.347926 0.669399 0.059908 0.065574
2 0.923963 0.953552 0.152074 0.092896
2 0.883641 0.898907 0.177419 0.185792
2 0.834101 0.848361 0.138249 0.128415
2 0.804147 0.800546 0.110599 0.098361
2 0.812212 0.751366 0.103687 0.081967
2 0.773041 0.736339 0.089862 0.084699
2 0.747696 0.710383 0.071429 0.092896
2 0.972350 0.790984 0.055300 0.139344
2 0.963134 0.765027 0.059908 0.098361
2 0.923963 0.724044 0.082949 0.098361
2 0.896313 0.702186 0.073733 0.076503
2 0.862903 0.674863 0.076037 0.081967
2 0.929724 0.653005 0.048387 0.054645
2 0.966590 0.658470 0.062212 0.065574
2 0.981567 0.687158 0.036866 0.057377
2 0.822581 0.657104 0.046083 0.062842
2 0.852535 0.658470 0.059908 0.065574
2 0.029954 0.551913 0.055300 0.065574
2 0.089862 0.523224 0.064516 0.062842
2 0.035714 0.484973 0.052995 0.046448
2 0.225806 0.468579 0.050691 0.051913
1 0.192396 0.419399 0.062212 0.073770
1 0.267281 0.398907 0.050691 0.071038
2 0.252304 0.431694 0.034562 0.032787
