2 0.723437 0.856944 0.271875 0.286111
2 0.635156 0.598611 0.135937 0.186111
2 0.563281 0.558333 0.101562 0.144444
2 0.618750 0.513889 0.078125 0.122222
2 0.670312 0.504167 0.065625 0.108333
1 0.735938 0.454167 0.109375 0.180556
1 0.554688 0.390278 0.131250 0.252778
2 0.489063 0.477778 0.050000 0.077778
2 0.434375 0.601389 0.137500 0.197222
2 0.429688 0.490278 0.087500 0.136111
2 0.167187 0.756944 0.209375 0.325000
2 0.289062 0.681944 0.175000 0.252778
2 0.338281 0.536111 0.101562 0.155556
2 0.035156 0.677778 0.067187 0.238889
2 0.099219 0.630556 0.142187 0.194444
2 0.062500 0.575000 0.115625 0.161111
2 0.154688 0.547222 0.112500 0.133333
2 0.310156 0.479167 0.079687 0.097222
2 0.187500 0.463889 0.062500 0.072222
1 0.074219 0.419444 0.098437 0.138889
