4 0.913601 0.874016 0.012263 0.059055
4 0.897436 0.857283 0.011148 0.049213
4 0.872910 0.888780 0.011148 0.053150
4 0.827759 0.866142 0.012263 0.047244
4 0.780379 0.840551 0.011148 0.039370
2 0.932553 0.872047 0.065775 0.062992
2 0.755853 0.895669 0.071349 0.090551
2 0.670569 0.811024 0.027871 0.035433
2 0.586399 0.748031 0.013378 0.015748
1 0.564660 0.751969 0.021182 0.039370
1 0.638239 0.734252 0.021182 0.035433
1 0.620959 0.725394 0.017837 0.037402
1 0.606466 0.720472 0.013378 0.027559
2 0.516722 0.788386 0.018952 0.029528
2 0.489967 0.769685 0.016722 0.023622
2 0.505574 0.749016 0.012263 0.017717
2 0.525641 0.747047 0.012263 0.017717
1 0.342809 0.912402 0.161650 0.175197
4 0.269231 0.871063 0.010033 0.053150
4 0.337793 0.836614 0.011148 0.043307
4 0.357860 0.789370 0.006689 0.027559
4 0.347269 0.790354 0.005574 0.025591
4 0.392419 0.767717 0.006689 0.027559
4 0.177815 0.874016 0.012263 0.047244
4 0.172241 0.871063 0.010033 0.045276
4 0.123746 0.887795 0.013378 0.059055
4 0.111483 0.885827 0.013378 0.055118
