2 0.936082 0.813750 0.127835 0.187500
4 0.575258 0.902500 0.065979 0.170000
0 0.579381 0.937500 0.065979 0.125000
4 0.709278 0.782500 0.057732 0.135000
3 0.711340 0.818750 0.065979 0.112500
4 0.765979 0.735000 0.047423 0.170000
4 0.620619 0.768750 0.065979 0.172500
4 0.477320 0.867500 0.076289 0.205000
4 0.373196 0.822500 0.065979 0.160000
3 0.375258 0.856250 0.065979 0.117500
4 0.409278 0.787500 0.068041 0.170000
4 0.568041 0.712500 0.051546 0.170000
4 0.515464 0.681250 0.053608 0.117500
3 0.516495 0.715000 0.055670 0.095000
4 0.488660 0.256250 0.041237 0.117500
4 0.577320 0.256250 0.037113 0.102500
2 0.859794 0.578750 0.107216 0.107500
2 0.675258 0.616250 0.096907 0.097500
2 0.718557 0.606250 0.076289 0.102500
4 0.972165 0.583750 0.035052 0.122500
4 0.713402 0.652500 0.041237 0.110000
4 0.668041 0.630000 0.032990 0.095000
4 0.658763 0.535000 0.030928 0.090000
4 0.550515 0.547500 0.020619 0.090000
