4 0.813281 0.755780 0.326562 0.488439
4 0.471875 0.767341 0.309375 0.459538
4 0.185156 0.804913 0.270313 0.390173
4 0.985938 0.901734 0.028125 0.190751
4 0.932813 0.901734 0.034375 0.167630
4 0.610938 0.916185 0.053125 0.167630
4 0.396094 0.908960 0.035937 0.158960
4 0.348438 0.910405 0.062500 0.179191
4 0.296875 0.911850 0.062500 0.176301
4 0.280469 0.916185 0.051562 0.167630
4 0.035156 0.887283 0.014063 0.069364
4 0.023438 0.887283 0.009375 0.075145
2 0.053906 0.874277 0.057813 0.049133
4 0.731250 0.877168 0.078125 0.222543
