2 0.917500 0.878182 0.040000 0.047273
2 0.966250 0.861818 0.042500 0.050909
1 0.871250 0.818182 0.062500 0.094545
2 0.815000 0.800000 0.030000 0.036364
2 0.782500 0.805455 0.035000 0.040000
1 0.787500 0.778182 0.055000 0.058182
2 0.755000 0.800000 0.030000 0.029091
1 0.728750 0.765455 0.037500 0.054545
2 0.712500 0.827273 0.030000 0.040000
1 0.810000 0.932727 0.155000 0.134545
2 0.586250 0.969091 0.057500 0.061818
2 0.488750 0.950909 0.057500 0.061818
2 0.651250 0.920000 0.052500 0.058182
2 0.611250 0.887273 0.042500 0.050909
2 0.616250 0.856364 0.037500 0.040000
2 0.646250 0.827273 0.032500 0.040000
2 0.628750 0.781818 0.027500 0.036364
2 0.630000 0.807273 0.025000 0.029091
2 0.565000 0.810909 0.035000 0.043636
2 0.480000 0.810909 0.030000 0.043636
2 0.476250 0.761818 0.027500 0.032727
2 0.540000 0.763636 0.020000 0.029091
2 0.510000 0.749091 0.020000 0.021818
1 0.527500 0.732727 0.020000 0.032727
1 0.531250 0.725455 0.017500 0.032727
2 0.556250 0.736364 0.017500 0.025455
2 0.585000 0.732727 0.020000 0.025455
2 0.601250 0.750909 0.022500 0.032727
1 0.470000 0.723636 0.020000 0.043636
2 0.345000 0.987273 0.060000 0.025455
2 0.223750 0.965455 0.067500 0.069091
2 0.228750 0.910909 0.057500 0.061818
2 0.256250 0.892727 0.032500 0.040000
2 0.310000 0.927273 0.055000 0.058182
2 0.325000 0.883636 0.040000 0.050909
2 0.382500 0.896364 0.045000 0.054545
2 0.293750 0.861818 0.037500 0.043636
2 0.321250 0.834545 0.037500 0.047273
2 0.351250 0.847273 0.032500 0.043636
2 0.410000 0.834545 0.030000 0.040000
2 0.376250 0.809091 0.027500 0.032727
2 0.307500 0.798182 0.025000 0.032727
2 0.341250 0.785455 0.027500 0.043636
2 0.423750 0.783636 0.027500 0.032727
2 0.422500 0.749091 0.025000 0.029091
2 0.368750 0.747273 0.022500 0.025455
2 0.355000 0.725455 0.020000 0.025455
2 0.412500 0.727273 0.020000 0.021818
2 0.135000 0.878182 0.040000 0.047273
2 0.122500 0.858182 0.040000 0.043636
2 0.060000 0.829091 0.030000 0.036364
1 0.375000 0.616364 0.060000 0.032727
