4 0.639000 0.862275 0.094000 0.269461
4 0.899000 0.770958 0.022000 0.098802
4 0.878000 0.772455 0.020000 0.089820
4 0.857000 0.775449 0.022000 0.089820
4 0.846000 0.773952 0.020000 0.098802
4 0.812000 0.778443 0.036000 0.089820
4 0.754000 0.764970 0.016000 0.056886
4 0.708000 0.766467 0.016000 0.059880
4 0.549000 0.769461 0.014000 0.065868
4 0.556000 0.769461 0.012000 0.065868
4 0.565000 0.772455 0.014000 0.065868
4 0.495000 0.770958 0.018000 0.062874
4 0.463000 0.769461 0.022000 0.059880
4 0.444000 0.766467 0.020000 0.065868
4 0.421000 0.766467 0.014000 0.047904
4 0.391000 0.767964 0.018000 0.044910
4 0.377000 0.767964 0.014000 0.044910
4 0.361000 0.769461 0.018000 0.047904
4 0.321000 0.766467 0.014000 0.041916
4 0.306000 0.770958 0.016000 0.044910
4 0.297000 0.767964 0.014000 0.050898
1 0.199000 0.757485 0.066000 0.077844
4 0.077000 0.775449 0.014000 0.047904
4 0.062000 0.775449 0.016000 0.047904
2 0.030000 0.779940 0.048000 0.038922
