4 0.467222 0.797271 0.065556 0.335283
0 0.460556 0.884990 0.241111 0.230019
4 0.042222 0.783626 0.035556 0.226121
4 0.077222 0.778752 0.041111 0.212476
2 0.157222 0.787524 0.136667 0.187135
4 0.384444 0.768031 0.048889 0.171540
3 0.386667 0.807992 0.046667 0.126706
1 0.041667 0.680312 0.081111 0.276803
1 0.022222 0.722222 0.042222 0.220273
1 0.070556 0.667641 0.138889 0.251462
1 0.117778 0.685185 0.146667 0.239766
1 0.257222 0.673489 0.105556 0.251462
1 0.316111 0.692008 0.081111 0.175439
1 0.874444 0.681287 0.248889 0.208577
1 0.965000 0.689084 0.070000 0.189084
1 0.607222 0.690058 0.076667 0.155945
