4 0.618138 0.750000 0.198091 0.500000
4 0.460621 0.752564 0.241050 0.489744
4 0.915871 0.794872 0.075179 0.410256
4 0.837709 0.726923 0.052506 0.294872
4 0.792363 0.739744 0.040573 0.274359
4 0.734487 0.787179 0.072792 0.405128
4 0.555489 0.733333 0.041766 0.235897
4 0.514916 0.733333 0.039379 0.235897
4 0.362768 0.674359 0.016706 0.076923
4 0.338305 0.679487 0.010740 0.071795
4 0.326372 0.689744 0.015513 0.087179
4 0.313246 0.691026 0.015513 0.089744
4 0.227924 0.706410 0.023866 0.100000
4 0.211814 0.700000 0.020286 0.112821
4 0.142005 0.732051 0.031026 0.166667
4 0.091885 0.698718 0.011933 0.079487
4 0.056683 0.700000 0.017900 0.087179
4 0.026253 0.719231 0.026253 0.130769
