2 0.073404 0.568571 0.144681 0.443810
4 0.363298 0.574286 0.028723 0.150476
4 0.815426 0.611429 0.077660 0.266667
3 0.817553 0.656190 0.071277 0.211429
4 0.625532 0.583810 0.036170 0.180952
0 0.639362 0.619048 0.091489 0.110476
2 0.788830 0.597143 0.209574 0.142857
2 0.857979 0.572381 0.162766 0.161905
2 0.960638 0.616190 0.078723 0.177143
2 0.471809 0.564762 0.077660 0.097143
2 0.521809 0.570476 0.052128 0.081905
4 0.657979 0.562857 0.022340 0.120000
1 0.557447 0.565714 0.040426 0.080000
2 0.556915 0.588571 0.037234 0.053333
