1 0.927368 0.927803 0.145263 0.144393
4 0.855789 0.877112 0.012632 0.055300
4 0.825263 0.815668 0.010526 0.039939
4 0.820526 0.817972 0.009474 0.041475
4 0.770000 0.837942 0.011579 0.035330
0 0.769474 0.847926 0.016842 0.027650
4 0.739474 0.819508 0.011579 0.029186
0 0.738947 0.832565 0.016842 0.027650
4 0.635789 0.747312 0.008421 0.026114
4 0.626842 0.741167 0.007368 0.023041
2 0.825263 0.946237 0.073684 0.070661
2 0.752632 0.903994 0.061053 0.059908
1 0.756842 0.950845 0.094737 0.098310
2 0.700526 0.977727 0.083158 0.041475
2 0.695789 0.907066 0.056842 0.062980
2 0.649474 0.930876 0.058947 0.076805
2 0.588947 0.953149 0.053684 0.069124
2 0.571053 0.903994 0.043158 0.056836
2 0.629474 0.889401 0.046316 0.052227
2 0.668947 0.867896 0.045263 0.049155
1 0.642632 0.829493 0.038947 0.052227
2 0.601053 0.850998 0.044211 0.039939
2 0.570000 0.870968 0.047368 0.049155
2 0.542105 0.837942 0.031579 0.038402
2 0.534737 0.814900 0.029474 0.032258
2 0.572632 0.815668 0.033684 0.033794
2 0.618947 0.821045 0.029474 0.032258
2 0.601579 0.796467 0.032632 0.032258
2 0.589474 0.781106 0.025263 0.026114
2 0.623158 0.779570 0.023158 0.026114
1 0.681579 0.815668 0.100000 0.107527
2 0.555263 0.792627 0.024211 0.027650
2 0.527368 0.799539 0.025263 0.032258
2 0.524737 0.782642 0.022105 0.026114
2 0.545789 0.775730 0.022105 0.027650
2 0.580000 0.770353 0.018947 0.023041
2 0.606316 0.768817 0.021053 0.023041
2 0.598421 0.757296 0.022105 0.021505
2 0.586842 0.748080 0.017895 0.018433
2 0.565263 0.755760 0.018947 0.018433
2 0.537895 0.760369 0.018947 0.021505
2 0.514211 0.764209 0.020000 0.026114
2 0.557895 0.746544 0.021053 0.021505
1 0.573684 0.740399 0.025263 0.024578
1 0.563684 0.722734 0.026316 0.035330
1 0.534737 0.717358 0.027368 0.033794
2 0.503158 0.735791 0.014737 0.024578
2 0.322632 0.751152 0.175789 0.162826
2 0.114211 0.731951 0.226316 0.225806
1 0.268421 0.706605 0.120000 0.144393
2 0.422632 0.692780 0.060000 0.064516
2 0.389474 0.687404 0.042105 0.053763
2 0.324211 0.670507 0.040000 0.035330
1 0.374737 0.659754 0.046316 0.066052
1 0.408947 0.659754 0.024211 0.041475
1 0.452105 0.671275 0.024211 0.033794
2 0.463684 0.666667 0.013684 0.021505
1 0.128947 0.629032 0.255789 0.351767
