4 0.065000 0.606784 0.053333 0.223618
4 0.114167 0.503769 0.018333 0.097990
4 0.141667 0.503769 0.020000 0.092965
4 0.051667 0.500000 0.020000 0.065327
4 0.026667 0.500000 0.020000 0.070352
4 0.251667 0.507538 0.030000 0.100503
4 0.300833 0.491206 0.018333 0.077889
4 0.314167 0.489950 0.018333 0.075377
4 0.378333 0.479899 0.020000 0.080402
4 0.401667 0.483668 0.016667 0.067839
4 0.420000 0.484925 0.016667 0.065327
4 0.437500 0.483668 0.021667 0.067839
4 0.502500 0.516332 0.028333 0.118090
4 0.528333 0.527638 0.033333 0.125628
4 0.580833 0.521357 0.035000 0.128141
4 0.611667 0.523869 0.033333 0.128141
4 0.640000 0.501256 0.030000 0.123116
4 0.706667 0.501256 0.026667 0.118090
4 0.728333 0.496231 0.023333 0.103015
4 0.754167 0.507538 0.028333 0.130653
4 0.787500 0.511307 0.028333 0.128141
4 0.813333 0.491206 0.020000 0.092965
4 0.839167 0.500000 0.035000 0.145729
4 0.882500 0.498744 0.028333 0.133166
4 0.955000 0.492462 0.023333 0.090452
4 0.974167 0.473618 0.015000 0.092965
4 0.987500 0.477387 0.018333 0.100503
4 0.485833 0.701005 0.105000 0.497487
4 0.421667 0.724874 0.080000 0.449749
