2 0.968048 0.808625 0.063903 0.102426
2 0.738342 0.777628 0.077720 0.110512
2 0.816062 0.679245 0.053541 0.070081
2 0.859240 0.619946 0.053541 0.070081
2 0.449050 0.760108 0.075993 0.102426
2 0.392055 0.943396 0.107081 0.113208
2 0.259931 0.911051 0.108808 0.161725
2 0.170984 0.894879 0.075993 0.123989
2 0.102763 0.940701 0.098446 0.102426
2 0.179620 0.747978 0.069085 0.078167
2 0.235751 0.599730 0.053541 0.067385
2 0.417098 0.574124 0.046632 0.064690
2 0.645078 0.520216 0.043178 0.053908
2 0.694301 0.475741 0.037997 0.045822
2 0.446459 0.498652 0.036269 0.053908
2 0.498273 0.481132 0.029361 0.056604
