4 0.541667 0.598437 0.158333 0.546875
3 0.544792 0.734375 0.156250 0.431250
2 0.816667 0.675000 0.366667 0.650000
2 0.917708 0.453125 0.164583 0.281250
2 0.842708 0.390625 0.160417 0.187500
2 0.932292 0.367188 0.131250 0.171875
2 0.640625 0.340625 0.147917 0.175000
2 0.512500 0.326562 0.150000 0.165625
2 0.439583 0.329688 0.100000 0.121875
4 0.988542 0.318750 0.022917 0.175000
1 0.859375 0.256250 0.089583 0.137500
4 0.476042 0.371875 0.072917 0.168750
3 0.477083 0.431250 0.070833 0.156250
4 0.144792 0.356250 0.035417 0.225000
4 0.278125 0.295312 0.031250 0.059375
3 0.281250 0.317188 0.033333 0.053125
4 0.232292 0.296875 0.022917 0.056250
3 0.233333 0.317188 0.025000 0.046875
