4 0.910556 0.603540 0.112222 0.502655
4 0.653333 0.639823 0.131111 0.617699
4 0.521667 0.615044 0.110000 0.539823
4 0.385000 0.597345 0.098889 0.415929
4 0.278889 0.573451 0.111111 0.371681
4 0.221111 0.568142 0.095556 0.329204
4 0.120556 0.549558 0.083333 0.228319
4 0.411667 0.520354 0.058889 0.191150
4 0.464444 0.517699 0.062222 0.203540
4 0.828889 0.497345 0.028889 0.120354
4 0.732222 0.483186 0.024444 0.084956
4 0.784444 0.482301 0.024444 0.090265
4 0.802222 0.479646 0.022222 0.084956
4 0.988333 0.486726 0.023333 0.102655
4 0.136667 0.511504 0.022222 0.113274
4 0.179444 0.504425 0.018889 0.102655
