4 0.840000 0.622449 0.142400 0.575030
4 0.711200 0.607443 0.147200 0.609844
4 0.475200 0.633253 0.124800 0.541417
4 0.317600 0.609244 0.153600 0.591837
4 0.190000 0.639856 0.146400 0.554622
4 0.443600 0.636855 0.080800 0.327731
4 0.546800 0.662065 0.047200 0.198079
4 0.583200 0.661465 0.043200 0.196879
4 0.649200 0.672269 0.042400 0.172869
4 0.673600 0.667467 0.022400 0.112845
4 0.748000 0.669868 0.028800 0.108043
4 0.246800 0.675870 0.018400 0.079232
4 0.270400 0.675870 0.020800 0.081633
4 0.374000 0.671669 0.013600 0.066026
4 0.383200 0.674670 0.016000 0.064826
4 0.408000 0.677671 0.017600 0.061224
