4 0.840909 0.604489 0.315965 0.791022
4 0.634146 0.578947 0.199557 0.835913
4 0.453437 0.559598 0.033259 0.113003
4 0.427938 0.558050 0.028825 0.109907
4 0.376940 0.567337 0.035477 0.119195
4 0.344235 0.565015 0.041020 0.136223
4 0.326497 0.507740 0.027716 0.089783
4 0.404102 0.487616 0.021064 0.086687
4 0.420177 0.433437 0.017738 0.065015
4 0.407428 0.437307 0.021064 0.066563
4 0.046009 0.309598 0.005543 0.018576
4 0.052106 0.316563 0.006652 0.020124
4 0.054878 0.311146 0.005543 0.015480
4 0.135255 0.318885 0.006652 0.015480
4 0.218404 0.363777 0.008869 0.037152
4 0.229490 0.363003 0.011086 0.035604
4 0.229490 0.357585 0.008869 0.037152
4 0.222284 0.356811 0.009978 0.041796
4 0.375277 0.394737 0.018847 0.052632
4 0.371397 0.393963 0.013304 0.051084
4 0.361973 0.394737 0.016630 0.052632
4 0.364191 0.371517 0.014412 0.037152
4 0.346452 0.379257 0.012195 0.043344
4 0.338692 0.378483 0.014412 0.044892
4 0.343681 0.361455 0.008869 0.032508
4 0.337029 0.360681 0.011086 0.034056
4 0.415743 0.369969 0.013304 0.043344
4 0.412971 0.349845 0.009978 0.034056
4 0.395233 0.342879 0.009978 0.029412
4 0.388581 0.343653 0.009978 0.030960
4 0.382483 0.342879 0.008869 0.029412
4 0.519401 0.414861 0.014412 0.058824
4 0.533814 0.409443 0.014412 0.051084
4 0.486696 0.391641 0.013304 0.049536
4 0.476164 0.376161 0.014412 0.046440
4 0.462860 0.373839 0.014412 0.041796
4 0.444568 0.359907 0.008869 0.035604
4 0.451774 0.352941 0.005543 0.034056
4 0.447339 0.351393 0.007761 0.037152
4 0.427384 0.332817 0.009978 0.027864
4 0.422395 0.333591 0.006652 0.026316
4 0.441796 0.332817 0.007761 0.024768
4 0.450111 0.334365 0.008869 0.024768
4 0.460643 0.336687 0.007761 0.026316
4 0.460089 0.351393 0.008869 0.030960
4 0.466741 0.349845 0.008869 0.030960
4 0.477273 0.352941 0.009978 0.037152
4 0.482816 0.352941 0.009978 0.034056
4 0.532151 0.371517 0.011086 0.046440
4 0.520510 0.344427 0.012195 0.032508
4 0.549889 0.370743 0.011086 0.044892
4 0.554324 0.372291 0.013304 0.044892
4 0.565410 0.376935 0.011086 0.044892
4 0.574279 0.376161 0.008869 0.030960
4 0.582594 0.335139 0.007761 0.023220
4 0.585366 0.377709 0.011086 0.034056
4 0.577605 0.417183 0.017738 0.041796
4 0.552106 0.350619 0.011086 0.032508
4 0.548780 0.342879 0.008869 0.029412
4 0.541574 0.342105 0.007761 0.027864
4 0.533259 0.328947 0.008869 0.023220
4 0.526608 0.328173 0.006652 0.021672
4 0.503880 0.327399 0.007761 0.026316
4 0.492794 0.335139 0.009978 0.026316
4 0.485033 0.332043 0.007761 0.026316
4 0.520510 0.328947 0.007761 0.023220
4 0.765521 0.434985 0.018847 0.065015
4 0.772727 0.401703 0.019956 0.047988
4 0.773836 0.396285 0.013304 0.049536
4 0.783259 0.393189 0.014412 0.049536
4 0.748337 0.404799 0.017738 0.047988
4 0.741131 0.390867 0.012195 0.044892
4 0.752772 0.392415 0.015521 0.047988
4 0.753880 0.389319 0.015521 0.051084
4 0.753326 0.343653 0.009978 0.024768
4 0.752772 0.341331 0.013304 0.026316
4 0.386364 0.378483 0.012195 0.041796
