4 0.702000 0.862776 0.112000 0.274448
4 0.862000 0.813880 0.096000 0.290221
4 0.956000 0.755521 0.052000 0.217666
4 0.509000 0.835962 0.078000 0.296530
4 0.575000 0.746057 0.066000 0.217666
4 0.706000 0.771293 0.064000 0.223975
4 0.792000 0.722397 0.052000 0.195584
4 0.861000 0.675079 0.034000 0.151420
4 0.369000 0.888013 0.118000 0.223975
4 0.175000 0.848580 0.118000 0.290221
4 0.394000 0.785489 0.088000 0.252366
4 0.311000 0.749211 0.066000 0.217666
4 0.083000 0.752366 0.094000 0.223975
4 0.156000 0.783912 0.080000 0.236593
4 0.239000 0.703470 0.050000 0.189274
4 0.379000 0.681388 0.038000 0.170347
4 0.449000 0.720820 0.070000 0.192429
4 0.626000 0.690852 0.052000 0.170347
4 0.689000 0.652997 0.038000 0.119874
4 0.475000 0.640379 0.034000 0.126183
4 0.609000 0.645110 0.030000 0.129338
4 0.722000 0.600946 0.024000 0.104101
