4 0.319659 0.663876 0.252322 0.672249
4 0.633127 0.678230 0.099071 0.351675
4 0.546440 0.675837 0.071207 0.212919
4 0.854489 0.688995 0.068111 0.234450
4 0.872291 0.686603 0.051084 0.220096
4 0.749226 0.679426 0.055728 0.229665
4 0.708204 0.687799 0.038700 0.179426
4 0.794118 0.674641 0.030960 0.133971
4 0.814241 0.673445 0.024768 0.117225
4 0.926471 0.669856 0.047988 0.143541
2 0.076625 0.653110 0.075851 0.038278
2 0.157121 0.654306 0.078947 0.040670
2 0.205108 0.656699 0.035604 0.035885
2 0.259288 0.665072 0.035604 0.019139
2 0.314241 0.669856 0.030960 0.019139
2 0.451238 0.671053 0.041796 0.026316
