4 0.820000 0.888614 0.016667 0.074257
4 0.807500 0.889851 0.018333 0.076733
4 0.670000 0.879950 0.026667 0.096535
4 0.646667 0.879950 0.023333 0.096535
4 0.621667 0.876238 0.026667 0.103960
4 0.598333 0.876238 0.023333 0.099010
4 0.574167 0.876238 0.025000 0.094059
4 0.550000 0.876238 0.023333 0.099010
4 0.527500 0.875000 0.028333 0.101485
4 0.477500 0.873762 0.028333 0.089109
4 0.456667 0.875000 0.023333 0.091584
4 0.432500 0.876238 0.025000 0.094059
4 0.407500 0.877475 0.025000 0.091584
4 0.381667 0.877475 0.026667 0.096535
4 0.505000 0.875000 0.046667 0.121287
0 0.507500 0.910891 0.098333 0.084158
4 0.282500 0.888614 0.031667 0.118812
4 0.255833 0.889851 0.021667 0.081683
