2 0.979167 0.699749 0.041667 0.067839
4 0.803333 0.708543 0.026667 0.100503
4 0.779167 0.708543 0.018333 0.100503
4 0.766667 0.711055 0.013333 0.095477
4 0.653333 0.693467 0.026667 0.085427
4 0.655000 0.615578 0.010000 0.055276
4 0.641667 0.614322 0.013333 0.057789
4 0.615000 0.765075 0.026667 0.118090
4 0.597500 0.762563 0.031667 0.128141
4 0.535000 0.687186 0.036667 0.072864
3 0.534167 0.708543 0.071667 0.055276
4 0.471667 0.685930 0.023333 0.070352
3 0.476667 0.709799 0.060000 0.052764
4 0.454167 0.687186 0.015000 0.072864
2 0.575833 0.628141 0.041667 0.055276
2 0.537500 0.624372 0.048333 0.052764
2 0.525833 0.585427 0.028333 0.040201
2 0.451667 0.643216 0.053333 0.060302
2 0.409167 0.635678 0.045000 0.055276
2 0.395000 0.624372 0.036667 0.057789
2 0.459167 0.615578 0.041667 0.055276
2 0.434167 0.600503 0.031667 0.040201
2 0.456667 0.585427 0.030000 0.035176
2 0.470833 0.571608 0.031667 0.037688
2 0.364167 0.594221 0.028333 0.037688
4 0.367500 0.706030 0.035000 0.100503
4 0.210000 0.732412 0.033333 0.103015
4 0.180833 0.750000 0.028333 0.118090
4 0.114167 0.739950 0.025000 0.097990
4 0.021667 0.692211 0.023333 0.062814
2 0.247500 0.703518 0.158333 0.080402
4 0.219167 0.665829 0.021667 0.080402
4 0.260833 0.634422 0.015000 0.062814
4 0.278333 0.652010 0.016667 0.067839
4 0.295833 0.648241 0.015000 0.070352
