2 0.591652 0.678962 0.050817 0.057377
2 0.602541 0.637978 0.043557 0.051913
2 0.516334 0.665301 0.049002 0.062842
2 0.556261 0.571038 0.030853 0.038251
1 0.676044 0.524590 0.049002 0.081967
1 0.616152 0.523224 0.034483 0.073770
1 0.158802 0.693989 0.099819 0.169399
1 0.240472 0.590164 0.103448 0.131148
2 0.397459 0.599727 0.039927 0.057377
1 0.394737 0.535519 0.041742 0.076503
1 0.344828 0.523224 0.043557 0.079235
1 0.359347 0.497268 0.036298 0.060109
1 0.378403 0.461749 0.038113 0.071038
1 0.393829 0.459016 0.029038 0.060109
1 0.426497 0.445355 0.025408 0.043716
1 0.457350 0.431694 0.025408 0.043716
2 0.470962 0.450820 0.019964 0.027322
