2 0.910000 0.965823 0.110000 0.068354
1 0.967500 0.865823 0.065000 0.187342
2 0.789167 0.822785 0.091667 0.126582
2 0.873333 0.748101 0.080000 0.098734
2 0.894167 0.529114 0.051667 0.075949
1 0.755833 0.554430 0.068333 0.126582
2 0.667500 0.578481 0.061667 0.078481
1 0.655000 0.392405 0.053333 0.081013
2 0.394167 0.921519 0.205000 0.156962
2 0.362500 0.774684 0.178333 0.288608
2 0.095833 0.770886 0.188333 0.286076
2 0.416667 0.596203 0.133333 0.184810
2 0.211667 0.535443 0.116667 0.215190
2 0.293333 0.432911 0.096667 0.126582
2 0.447500 0.500000 0.121667 0.149367
2 0.434167 0.372152 0.085000 0.091139
2 0.455000 0.332911 0.083333 0.113924
2 0.483333 0.307595 0.053333 0.083544
2 0.500000 0.283544 0.063333 0.081013
2 0.367500 0.308861 0.061667 0.091139
2 0.381667 0.284810 0.053333 0.078481
1 0.412500 0.231646 0.051667 0.088608
