4 0.855714 0.650964 0.134286 0.591006
4 0.738571 0.617773 0.154286 0.674518
4 0.397857 0.632762 0.124286 0.614561
4 0.237857 0.673448 0.104286 0.511777
4 0.996429 0.890792 0.007143 0.072805
4 0.990000 0.891863 0.011429 0.066381
4 0.946429 0.886510 0.027143 0.068522
4 0.874286 0.896146 0.022857 0.053533
4 0.811429 0.880086 0.020000 0.089936
4 0.783571 0.836188 0.030000 0.169165
4 0.790000 0.879015 0.022857 0.087794
4 0.668571 0.784797 0.057143 0.284797
4 0.607857 0.786938 0.075714 0.271949
4 0.587143 0.812634 0.048571 0.216274
4 0.513571 0.841542 0.044286 0.167024
4 0.491429 0.855460 0.028571 0.134904
4 0.474286 0.888651 0.017143 0.068522
4 0.447857 0.900428 0.015714 0.074946
4 0.438571 0.923983 0.011429 0.053533
4 0.422143 0.925054 0.015714 0.055675
4 0.131429 0.862955 0.034286 0.128480
4 0.104286 0.910064 0.017143 0.064240
4 0.030714 0.858672 0.030000 0.115632
4 0.199286 0.867238 0.024286 0.102784
4 0.690000 0.865096 0.025714 0.137045
4 0.698571 0.877944 0.022857 0.094218
4 0.345000 0.706638 0.110000 0.445396
4 0.647143 0.810493 0.042857 0.224839
4 0.171429 0.763383 0.071429 0.314775
