4 0.862500 0.842500 0.128333 0.315000
4 0.757500 0.838750 0.151667 0.322500
3 0.793333 0.911250 0.286667 0.172500
4 0.515000 0.795000 0.280000 0.410000
3 0.525000 0.891250 0.350000 0.217500
4 0.449167 0.828750 0.088333 0.342500
4 0.480833 0.860000 0.058333 0.280000
4 0.360000 0.872500 0.060000 0.255000
4 0.342500 0.863750 0.038333 0.272500
4 0.315833 0.880000 0.038333 0.240000
4 0.291667 0.873750 0.070000 0.252500
4 0.154167 0.863750 0.051667 0.272500
4 0.083333 0.806250 0.163333 0.387500
4 0.086667 0.806250 0.163333 0.387500
