2 0.745169 0.907273 0.157005 0.163636
2 0.693237 0.796364 0.125604 0.152727
2 0.670290 0.732727 0.118357 0.163636
2 0.658213 0.678182 0.132850 0.163636
2 0.788647 0.960000 0.161836 0.080000
2 0.966184 0.921818 0.067633 0.156364
2 0.485507 0.887273 0.149758 0.196364
2 0.452899 0.781818 0.123188 0.145455
2 0.625604 0.636364 0.082126 0.123636
2 0.528986 0.963636 0.164251 0.072727
2 0.624396 0.590909 0.103865 0.134545
2 0.594203 0.550909 0.082126 0.098182
2 0.724638 0.520000 0.082126 0.109091
2 0.904589 0.716364 0.185990 0.305455
2 0.827295 0.594545 0.137681 0.272727
2 0.445652 0.638182 0.123188 0.243636
2 0.434783 0.503636 0.091787 0.076364
2 0.409420 0.478182 0.070048 0.105455
2 0.566425 0.485455 0.084541 0.112727
2 0.521739 0.436364 0.077295 0.080000
2 0.648551 0.385455 0.070048 0.080000
2 0.105072 0.718182 0.123188 0.134545
2 0.112319 0.649091 0.103865 0.112727
2 0.146135 0.518182 0.099034 0.141818
2 0.172705 0.465455 0.079710 0.116364
2 0.024155 0.578182 0.043478 0.116364
2 0.038647 0.490909 0.072464 0.130909
2 0.066425 0.432727 0.065217 0.080000
2 0.107488 0.392727 0.065217 0.080000
4 0.199275 0.389091 0.031401 0.065455
2 0.086957 0.350909 0.062802 0.076364
2 0.119565 0.318182 0.070048 0.120000
2 0.050725 0.307273 0.043478 0.069091
2 0.153382 0.301818 0.045894 0.080000
2 0.176329 0.269091 0.053140 0.058182
2 0.225845 0.276364 0.041063 0.058182
2 0.252415 0.287273 0.050725 0.058182
2 0.521739 0.369091 0.057971 0.061818
2 0.502415 0.356364 0.053140 0.072727
2 0.497585 0.325455 0.053140 0.076364
2 0.481884 0.250909 0.055556 0.050909
2 0.782609 0.407273 0.067633 0.087273
2 0.788647 0.436364 0.065217 0.080000
2 0.817633 0.458182 0.070048 0.094545
2 0.841787 0.480000 0.065217 0.094545
2 0.951691 0.556364 0.096618 0.167273
2 0.609903 0.294545 0.089372 0.189091
1 0.592995 0.260000 0.103865 0.192727
1 0.410628 0.389091 0.096618 0.196364
1 0.042271 0.234545 0.079710 0.127273
1 0.725845 0.230909 0.108696 0.149091
1 0.700483 0.429091 0.120773 0.232727
2 0.678744 0.258182 0.082126 0.123636
2 0.480676 0.216364 0.043478 0.047273
1 0.390097 0.189091 0.084541 0.109091
1 0.811594 0.236364 0.053140 0.101818
