4 0.551667 0.686250 0.226667 0.477500
4 0.760833 0.600625 0.145000 0.301250
4 0.642500 0.593125 0.155000 0.338750
4 0.320000 0.591250 0.130000 0.225000
4 0.443333 0.531250 0.073333 0.140000
4 0.107500 0.548125 0.061667 0.151250
4 0.015000 0.553125 0.026667 0.138750
4 0.156667 0.555000 0.063333 0.125000
4 0.215000 0.570625 0.040000 0.081250
4 0.146667 0.510000 0.040000 0.075000
4 0.185000 0.513125 0.040000 0.068750
4 0.232500 0.522500 0.045000 0.102500
4 0.256667 0.516875 0.036667 0.076250
4 0.287500 0.515625 0.035000 0.073750
4 0.489167 0.503125 0.041667 0.078750
4 0.858333 0.510000 0.080000 0.152500
4 0.932500 0.488125 0.068333 0.131250
4 0.968333 0.497500 0.063333 0.140000
4 0.689167 0.502500 0.048333 0.155000
