2 0.928750 0.904453 0.142500 0.191095
4 0.941250 0.870130 0.070000 0.259740
2 0.938125 0.872913 0.123750 0.250464
2 0.896250 0.897959 0.105000 0.181818
2 0.870000 0.886827 0.120000 0.159555
2 0.900625 0.831169 0.091250 0.126160
2 0.811875 0.876623 0.096250 0.120594
2 0.765000 0.864564 0.062500 0.081633
2 0.903125 0.889610 0.131250 0.157699
1 0.509375 0.843228 0.076250 0.105751
1 0.589375 0.820965 0.078750 0.128015
2 0.667500 0.847866 0.035000 0.044527
2 0.691250 0.848794 0.030000 0.031540
2 0.711875 0.846011 0.023750 0.029685
4 0.727500 0.846011 0.007500 0.033395
2 0.103750 0.873840 0.157500 0.189239
2 0.154375 0.876623 0.078750 0.105751
2 0.220625 0.859926 0.081250 0.094620
2 0.233125 0.844156 0.056250 0.081633
2 0.265000 0.866419 0.065000 0.074212
2 0.281250 0.866419 0.047500 0.074212
2 0.331875 0.862709 0.076250 0.081633
2 0.355625 0.856215 0.053750 0.068646
2 0.403750 0.858071 0.050000 0.057514
2 0.430625 0.856215 0.041250 0.053803
2 0.455000 0.857143 0.040000 0.048237
2 0.283750 0.839518 0.045000 0.053803
2 0.013750 0.880334 0.025000 0.113173
2 0.045625 0.875696 0.071250 0.100186
