4 0.396140 0.763103 0.148897 0.465409
4 0.548713 0.659329 0.237132 0.681342
4 0.769301 0.617400 0.248162 0.765199
4 0.930147 0.771488 0.139706 0.457023
4 0.885110 0.645702 0.148897 0.708595
4 0.915441 0.496855 0.110294 0.465409
4 0.258272 0.387841 0.097426 0.335430
0 0.207721 0.444444 0.106618 0.234801
2 0.595588 0.404612 0.371324 0.373166
1 0.165441 0.203354 0.327206 0.402516
2 0.850184 0.196017 0.226103 0.182390
4 0.359375 0.299790 0.079044 0.205451
2 0.632353 0.146751 0.158088 0.146751
2 0.706801 0.127883 0.101103 0.117400
