2 0.852857 0.937500 0.077143 0.090517
2 0.884286 0.846983 0.060000 0.073276
2 0.734286 0.918103 0.062857 0.103448
2 0.607143 0.946121 0.071429 0.090517
2 0.607143 0.868534 0.065714 0.073276
2 0.714286 0.877155 0.062857 0.073276
2 0.817143 0.793103 0.045714 0.060345
2 0.690000 0.831897 0.060000 0.077586
2 0.602857 0.818966 0.045714 0.068966
1 0.745714 0.754310 0.062857 0.137931
2 0.674286 0.784483 0.045714 0.077586
2 0.410000 0.946121 0.077143 0.099138
2 0.294286 0.937500 0.068571 0.107759
2 0.171429 0.965517 0.091429 0.068966
2 0.460000 0.918103 0.062857 0.094828
2 0.357143 0.911638 0.068571 0.081897
2 0.257143 0.909483 0.074286 0.086207
2 0.397143 0.857759 0.057143 0.068966
2 0.482857 0.838362 0.051429 0.064655
2 0.307143 0.853448 0.060000 0.077586
2 0.508571 0.818966 0.045714 0.068966
2 0.435714 0.821121 0.042857 0.056034
2 0.340000 0.827586 0.045714 0.068966
2 0.374286 0.814655 0.045714 0.060345
2 0.380000 0.773707 0.045714 0.073276
1 0.227143 0.808190 0.122857 0.159483
2 0.075714 0.840517 0.060000 0.077586
2 0.024286 0.862069 0.042857 0.068966
2 0.120000 0.816810 0.051429 0.056034
2 0.154286 0.790948 0.040000 0.056034
2 0.887143 0.760776 0.037143 0.047414
2 0.825714 0.739224 0.028571 0.038793
2 0.657143 0.743534 0.034286 0.047414
