2 0.642397 0.972000 0.094072 0.056000
2 0.503866 0.957600 0.115979 0.081600
2 0.834407 0.978400 0.117268 0.043200
2 0.958763 0.976800 0.082474 0.046400
2 0.333763 0.964000 0.090206 0.072000
2 0.306701 0.979200 0.085052 0.035200
2 0.641753 0.951200 0.092784 0.072000
2 0.786082 0.964000 0.082474 0.065600
2 0.933634 0.935200 0.083763 0.100800
2 0.540593 0.925600 0.088918 0.094400
2 0.662371 0.930400 0.077320 0.097600
2 0.780284 0.953600 0.094072 0.092800
2 0.811211 0.928800 0.076031 0.091200
2 0.943299 0.912800 0.108247 0.091200
1 0.663660 0.892800 0.110825 0.153600
1 0.823454 0.889600 0.118557 0.137600
2 0.442655 0.901600 0.055412 0.084800
2 0.516108 0.888800 0.076031 0.075200
2 0.543814 0.873600 0.069588 0.073600
2 0.561211 0.868800 0.070876 0.092800
2 0.459407 0.869600 0.063144 0.068800
2 0.458763 0.842400 0.064433 0.049600
2 0.576675 0.846400 0.063144 0.073600
2 0.743557 0.890400 0.082474 0.094400
2 0.938144 0.882400 0.059278 0.065600
2 0.914948 0.868000 0.064433 0.075200
2 0.469716 0.824800 0.068299 0.059200
2 0.562500 0.826400 0.055412 0.052800
2 0.601160 0.811200 0.068299 0.070400
2 0.679124 0.823200 0.064433 0.059200
2 0.502577 0.809600 0.041237 0.057600
2 0.579253 0.785600 0.063144 0.060800
2 0.916881 0.826400 0.065722 0.049600
1 0.903995 0.756000 0.091495 0.123200
2 0.690722 0.781600 0.059278 0.040000
2 0.603737 0.774400 0.047680 0.051200
2 0.778995 0.793600 0.057990 0.048000
1 0.793814 0.708800 0.051546 0.060800
2 0.634021 0.721600 0.048969 0.054400
1 0.563144 0.694400 0.069588 0.070400
2 0.585052 0.672000 0.038660 0.048000
2 0.516108 0.628800 0.032216 0.038400
2 0.699742 0.604800 0.028351 0.028800
1 0.614691 0.648800 0.036082 0.036800
2 0.637887 0.656800 0.043814 0.036800
2 0.653995 0.670400 0.042526 0.035200
2 0.798325 0.636000 0.034794 0.036800
2 0.751289 0.635200 0.036082 0.035200
2 0.672036 0.635200 0.042526 0.035200
2 0.882732 0.616800 0.030928 0.036800
2 0.844716 0.621600 0.027062 0.033600
2 0.847938 0.668000 0.041237 0.040000
2 0.826031 0.656000 0.033505 0.038400
2 0.601160 0.771200 0.047680 0.051200
