2 0.935484 0.738426 0.126100 0.273148
2 0.944282 0.442130 0.099707 0.171296
2 0.682551 0.738426 0.127566 0.226852
1 0.782991 0.347222 0.134897 0.379630
2 0.362903 0.925926 0.162757 0.148148
2 0.417155 0.842593 0.153959 0.268519
1 0.495601 0.590278 0.228739 0.495370
2 0.592375 0.525463 0.070381 0.245370
2 0.611437 0.428241 0.076246 0.208333
2 0.640762 0.365741 0.076246 0.185185
2 0.637097 0.409722 0.065982 0.162037
2 0.673021 0.328704 0.070381 0.194444
2 0.162023 0.858796 0.145161 0.282407
2 0.234604 0.835648 0.114370 0.254630
2 0.282991 0.710648 0.134897 0.273148
2 0.333578 0.666667 0.098240 0.175926
1 0.397361 0.483796 0.187683 0.467593
2 0.532991 0.363426 0.092375 0.226852
2 0.564516 0.296296 0.061584 0.166667
2 0.591642 0.277778 0.045455 0.120370
2 0.607038 0.266204 0.055718 0.152778
2 0.607771 0.233796 0.057185 0.143519
2 0.623167 0.212963 0.055718 0.157407
2 0.650293 0.185185 0.045455 0.120370
2 0.670821 0.108796 0.048387 0.134259
2 0.038856 0.692130 0.074780 0.226852
2 0.056452 0.599537 0.109971 0.236111
2 0.035191 0.474537 0.067449 0.217593
2 0.172287 0.486111 0.101173 0.203704
2 0.307918 0.356481 0.082111 0.185185
2 0.346774 0.208333 0.071848 0.120370
2 0.414223 0.229167 0.080645 0.125000
2 0.503666 0.148148 0.060117 0.111111
2 0.548387 0.104167 0.052786 0.106481
2 0.054252 0.307870 0.096774 0.180556
2 0.080645 0.254630 0.073314 0.129630
2 0.140029 0.210648 0.077713 0.143519
2 0.290323 0.182870 0.064516 0.115741
2 0.168622 0.152778 0.067449 0.120370
1 0.244135 0.083333 0.104106 0.157407
