2 0.604010 0.801667 0.285714 0.150000
2 0.838346 0.699167 0.268170 0.148333
2 0.471178 0.733333 0.240602 0.130000
2 0.739348 0.640000 0.215539 0.123333
2 0.449875 0.658333 0.233083 0.100000
2 0.684211 0.596667 0.165414 0.113333
2 0.615288 0.569167 0.167920 0.088333
2 0.339599 0.615833 0.203008 0.101667
2 0.364662 0.573333 0.187970 0.093333
2 0.322055 0.542500 0.187970 0.098333
2 0.582707 0.534167 0.172932 0.095000
2 0.543860 0.504167 0.140351 0.075000
2 0.491228 0.480000 0.150376 0.086667
2 0.289474 0.500000 0.167920 0.086667
2 0.488722 0.442500 0.110276 0.075000
2 0.443609 0.448333 0.115288 0.066667
2 0.253133 0.475833 0.145363 0.098333
2 0.220551 0.460833 0.130326 0.081667
2 0.250627 0.445000 0.115288 0.086667
2 0.416040 0.425000 0.120301 0.073333
2 0.383459 0.409167 0.105263 0.058333
2 0.377193 0.392500 0.112782 0.068333
2 0.208020 0.411667 0.100251 0.063333
2 0.171679 0.409167 0.097744 0.065000
2 0.340852 0.346667 0.075188 0.056667
2 0.127820 0.361667 0.075188 0.046667
2 0.037594 0.648333 0.070175 0.116667
