2 0.458422 0.778215 0.106610 0.102362
2 0.229211 0.942257 0.164179 0.104987
2 0.307036 0.758530 0.106610 0.110236
2 0.331557 0.681102 0.083156 0.076115
2 0.480810 0.612861 0.061834 0.060367
2 0.374200 0.620735 0.057569 0.049869
2 0.248401 0.633858 0.061834 0.081365
2 0.398721 0.587927 0.051173 0.052493
2 0.105544 0.618110 0.070362 0.060367
2 0.174840 0.601050 0.063966 0.052493
2 0.271855 0.555118 0.053305 0.049869
2 0.739872 0.721785 0.089552 0.078740
2 0.831557 0.687664 0.076759 0.068241
2 0.909382 0.674541 0.078891 0.068241
2 0.707889 0.666667 0.072495 0.068241
2 0.842217 0.590551 0.059701 0.052493
2 0.686567 0.539370 0.042644 0.044619
2 0.738806 0.528871 0.049041 0.044619
2 0.473348 0.517060 0.046908 0.047244
2 0.603412 0.515748 0.038380 0.044619
2 0.664179 0.490814 0.031983 0.036745
