4 0.961979 0.728361 0.028125 0.119705
2 0.976042 0.690608 0.037500 0.066298
1 0.910937 0.686004 0.067708 0.149171
2 0.881250 0.686004 0.031250 0.057090
2 0.817187 0.672192 0.040625 0.051565
2 0.831250 0.656538 0.031250 0.049724
4 0.685937 0.904236 0.044792 0.191529
4 0.642708 0.886740 0.050000 0.226519
2 0.552083 0.884899 0.129167 0.197053
4 0.640625 0.759669 0.020833 0.060773
4 0.641146 0.767035 0.032292 0.093923
3 0.641146 0.793738 0.032292 0.069982
2 0.686458 0.738490 0.064583 0.084715
2 0.709896 0.702578 0.063542 0.082873
2 0.750000 0.676796 0.045833 0.064457
2 0.738021 0.672192 0.038542 0.058932
2 0.765104 0.641805 0.042708 0.038674
2 0.715104 0.645488 0.038542 0.057090
2 0.662500 0.683241 0.045833 0.069982
2 0.631250 0.707182 0.060417 0.084715
2 0.544792 0.735727 0.062500 0.082873
2 0.543750 0.704420 0.056250 0.068140
2 0.582812 0.693370 0.046875 0.068140
2 0.613021 0.675875 0.057292 0.066298
2 0.644792 0.654696 0.039583 0.042357
2 0.612500 0.654696 0.037500 0.042357
2 0.428646 0.892265 0.165625 0.215470
2 0.457292 0.880295 0.118750 0.195212
2 0.169792 0.896869 0.291667 0.206262
2 0.025521 0.926335 0.048958 0.143646
2 0.150521 0.872928 0.138542 0.147330
2 0.042188 0.826888 0.082292 0.173112
2 0.128125 0.753223 0.072917 0.088398
2 0.102604 0.732965 0.065625 0.095764
2 0.054688 0.697974 0.055208 0.066298
2 0.089063 0.686004 0.046875 0.060773
2 0.130729 0.683241 0.048958 0.058932
2 0.171875 0.685083 0.045833 0.058932
2 0.215625 0.689687 0.045833 0.064457
2 0.254688 0.719153 0.057292 0.075506
2 0.278646 0.722836 0.082292 0.145488
2 0.342708 0.697053 0.050000 0.068140
2 0.459896 0.668508 0.044792 0.077348
2 0.519271 0.662983 0.051042 0.073665
