2 0.957000 0.834337 0.086000 0.210843
2 0.940000 0.811747 0.120000 0.159639
2 0.718000 0.804217 0.148000 0.162651
2 0.570000 0.786145 0.120000 0.132530
2 0.647000 0.768072 0.078000 0.090361
4 0.456000 0.792169 0.040000 0.180723
2 0.483000 0.769578 0.090000 0.099398
2 0.391000 0.759036 0.074000 0.102410
4 0.382000 0.786145 0.028000 0.156627
4 0.305000 0.792169 0.034000 0.180723
2 0.252000 0.850904 0.208000 0.256024
2 0.217000 0.768072 0.102000 0.132530
2 0.155000 0.768072 0.066000 0.090361
2 0.067000 0.780120 0.130000 0.180723
2 0.060000 0.786145 0.116000 0.174699
