4 0.069000 0.879496 0.030000 0.147482
4 0.116000 0.877698 0.032000 0.100719
4 0.258000 0.875899 0.080000 0.248201
4 0.365000 0.870504 0.078000 0.258993
4 0.480000 0.877698 0.064000 0.244604
4 0.439000 0.877698 0.058000 0.201439
4 0.555000 0.884892 0.062000 0.215827
4 0.542000 0.877698 0.032000 0.179856
4 0.614000 0.879496 0.052000 0.197842
4 0.659000 0.877698 0.038000 0.187050
4 0.704000 0.877698 0.032000 0.158273
4 0.757000 0.874101 0.038000 0.151079
4 0.732000 0.881295 0.028000 0.143885
4 0.593000 0.881295 0.030000 0.158273
4 0.808000 0.874101 0.028000 0.143885
4 0.824000 0.879496 0.044000 0.147482
4 0.852000 0.872302 0.040000 0.147482
4 0.889000 0.875899 0.054000 0.154676
4 0.934000 0.879496 0.048000 0.140288
4 0.969000 0.888489 0.038000 0.179856
4 0.985000 0.874101 0.030000 0.165468
2 0.197000 0.883094 0.114000 0.075540
