2 0.564089 0.787313 0.054025 0.078358
2 0.521186 0.726679 0.046610 0.072761
2 0.480932 0.699627 0.040254 0.067164
2 0.453390 0.660448 0.038136 0.059701
2 0.513242 0.642724 0.039195 0.057836
2 0.621292 0.671642 0.041314 0.055970
2 0.566737 0.626866 0.036017 0.052239
2 0.566737 0.611940 0.038136 0.059701
2 0.513771 0.621269 0.038136 0.044776
2 0.507415 0.611007 0.038136 0.046642
2 0.507945 0.595149 0.037076 0.048507
2 0.458686 0.593284 0.040254 0.052239
2 0.432733 0.583022 0.060381 0.046642
2 0.412076 0.583022 0.055085 0.039179
2 0.353284 0.923507 0.096398 0.138060
2 0.306144 0.825560 0.063559 0.098881
2 0.320975 0.730410 0.050847 0.083955
2 0.326271 0.679104 0.050847 0.078358
2 0.334216 0.634328 0.043432 0.055970
2 0.307733 0.612873 0.049788 0.054104
2 0.348517 0.577425 0.065678 0.057836
1 0.368644 0.552239 0.040254 0.070896
4 0.115996 0.830224 0.026483 0.097015
