2 0.943085 0.889908 0.113830 0.143119
2 0.648404 0.916514 0.173404 0.159633
2 0.728191 0.885321 0.122340 0.155963
2 0.793617 0.849541 0.085106 0.132110
1 0.839894 0.793578 0.120213 0.188991
1 0.888298 0.763303 0.110638 0.168807
2 0.162766 0.842202 0.291489 0.300917
2 0.363830 0.861468 0.148936 0.141284
2 0.476064 0.838532 0.113830 0.117431
2 0.566489 0.799083 0.081915 0.108257
2 0.643617 0.794495 0.074468 0.069725
2 0.695213 0.785321 0.058511 0.058716
1 0.579787 0.717431 0.151064 0.121101
2 0.431915 0.798165 0.102128 0.110092
2 0.331915 0.772477 0.102128 0.088073
2 0.328191 0.809174 0.092553 0.095413
2 0.051596 0.882569 0.101064 0.165138
