4 0.591309 0.866894 0.051758 0.225256
3 0.594238 0.911263 0.083008 0.177474
4 0.061523 0.816553 0.013672 0.049488
4 0.186035 0.819966 0.022461 0.059727
4 0.054199 0.811433 0.012695 0.039249
4 0.879883 0.857509 0.023438 0.117747
4 0.861328 0.859215 0.021484 0.114334
4 0.914551 0.862628 0.016602 0.107509
4 0.804199 0.854096 0.028320 0.121160
4 0.822754 0.859215 0.016602 0.107509
4 0.796387 0.855802 0.014648 0.100683
4 0.771484 0.853242 0.033203 0.126280
4 0.752441 0.848976 0.018555 0.124573
4 0.662598 0.848976 0.022461 0.127986
4 0.625488 0.839590 0.020508 0.102389
