4 0.919550 0.756892 0.157439 0.486216
4 0.686851 0.719298 0.200692 0.561404
4 0.518166 0.745614 0.167820 0.508772
4 0.284602 0.760652 0.133218 0.478697
4 0.117647 0.749373 0.169550 0.501253
4 0.166090 0.689223 0.062284 0.280702
4 0.342561 0.656642 0.034602 0.205514
4 0.590830 0.605263 0.025952 0.092732
4 0.771626 0.610276 0.031142 0.102757
4 0.737889 0.598997 0.019031 0.085213
4 0.666955 0.601504 0.019031 0.085213
4 0.816609 0.614035 0.020761 0.110276
4 0.830450 0.612782 0.024221 0.112782
4 0.865052 0.629073 0.031142 0.130326
4 0.869377 0.622807 0.029412 0.142857
