4 0.766364 0.630000 0.041818 0.122857
3 0.767273 0.650000 0.040000 0.111429
4 0.847273 0.555714 0.025455 0.094286
0 0.849091 0.582857 0.025455 0.062857
2 0.272727 0.761429 0.305455 0.374286
2 0.102727 0.662857 0.143636 0.182857
2 0.100000 0.621429 0.163636 0.151429
4 0.034545 0.574286 0.040000 0.085714
3 0.034545 0.605714 0.040000 0.080000
2 0.217273 0.595714 0.085455 0.088571
2 0.400909 0.707143 0.150909 0.208571
2 0.438182 0.670000 0.112727 0.157143
2 0.325455 0.587143 0.083636 0.088571
2 0.408182 0.567143 0.085455 0.088571
2 0.482727 0.578571 0.081818 0.094286
2 0.600909 0.644286 0.125455 0.145714
2 0.536364 0.531429 0.076364 0.080000
2 0.473636 0.540000 0.067273 0.057143
1 0.635455 0.504286 0.092727 0.134286
2 0.700000 0.492857 0.032727 0.042857
2 0.738182 0.492857 0.043636 0.048571
