2 0.930488 0.943320 0.119512 0.113360
2 0.740244 0.949393 0.178049 0.101215
2 0.681707 0.908907 0.080488 0.125506
2 0.679268 0.852227 0.070732 0.085020
1 0.800000 0.783401 0.078049 0.157895
2 0.263415 0.892713 0.395122 0.214575
2 0.450000 0.876518 0.231707 0.246964
2 0.535366 0.910931 0.085366 0.113360
2 0.580488 0.852227 0.058537 0.085020
1 0.260976 0.765182 0.097561 0.170040
1 0.574390 0.706478 0.065854 0.117409
4 0.104878 0.400810 0.029268 0.113360
4 0.171951 0.408907 0.026829 0.080972
4 0.232927 0.396761 0.041463 0.113360
4 0.417073 0.390688 0.029268 0.117409
