2 0.623810 0.762121 0.247619 0.209091
2 0.851190 0.725758 0.150000 0.142424
2 0.711905 0.709091 0.138095 0.133333
2 0.825000 0.671212 0.083333 0.093939
2 0.841667 0.604545 0.059524 0.063636
2 0.911905 0.562121 0.042857 0.045455
2 0.986905 0.624242 0.026190 0.054545
2 0.984524 0.536364 0.030952 0.054545
2 0.927381 0.527273 0.035714 0.054545
2 0.407143 0.704545 0.171429 0.154545
2 0.488095 0.668182 0.085714 0.093939
2 0.584524 0.650000 0.083333 0.093939
1 0.665476 0.646970 0.097619 0.124242
2 0.027381 0.656061 0.050000 0.112121
2 0.045238 0.651515 0.057143 0.078788
2 0.220238 0.640909 0.107143 0.124242
2 0.254762 0.648485 0.066667 0.090909
2 0.434524 0.574242 0.054762 0.069697
2 0.621429 0.557576 0.052381 0.066667
2 0.642857 0.513636 0.047619 0.045455
2 0.717857 0.521212 0.045238 0.048485
2 0.790476 0.515152 0.047619 0.054545
2 0.828571 0.456061 0.038095 0.051515
2 0.691667 0.477273 0.045238 0.045455
2 0.715476 0.463636 0.030952 0.036364
2 0.746429 0.507576 0.035714 0.045455
