2 0.898000 0.953333 0.080000 0.093333
1 0.821000 0.940000 0.078000 0.120000
2 0.800000 0.868333 0.064000 0.083333
2 0.799000 0.836667 0.050000 0.066667
2 0.799000 0.783333 0.058000 0.073333
2 0.773000 0.730000 0.042000 0.060000
2 0.762000 0.700000 0.040000 0.060000
2 0.985000 0.913333 0.030000 0.073333
2 0.680000 0.971667 0.084000 0.050000
2 0.721000 0.963333 0.070000 0.073333
2 0.723000 0.948333 0.062000 0.076667
2 0.664000 0.936667 0.060000 0.080000
2 0.706000 0.873333 0.060000 0.066667
2 0.704000 0.841667 0.068000 0.083333
1 0.706000 0.766667 0.052000 0.120000
2 0.686000 0.713333 0.048000 0.073333
2 0.592000 0.950000 0.080000 0.100000
2 0.628000 0.891667 0.060000 0.076667
2 0.629000 0.798333 0.058000 0.070000
2 0.634000 0.750000 0.056000 0.060000
2 0.623000 0.725000 0.046000 0.070000
2 0.614000 0.681667 0.052000 0.056667
2 0.392000 0.965000 0.084000 0.070000
2 0.445000 0.958333 0.078000 0.076667
2 0.450000 0.936667 0.068000 0.100000
2 0.464000 0.903333 0.072000 0.086667
2 0.474000 0.865000 0.060000 0.076667
2 0.490000 0.810000 0.056000 0.086667
2 0.503000 0.761667 0.050000 0.076667
2 0.514000 0.713333 0.048000 0.066667
2 0.258000 0.966667 0.096000 0.066667
2 0.301000 0.965000 0.066000 0.070000
2 0.333000 0.956667 0.062000 0.086667
2 0.335000 0.930000 0.058000 0.073333
1 0.393000 0.855000 0.062000 0.110000
2 0.421000 0.756667 0.054000 0.073333
2 0.425000 0.720000 0.046000 0.060000
2 0.099000 0.968333 0.106000 0.063333
2 0.152000 0.968333 0.072000 0.063333
2 0.172000 0.960000 0.064000 0.080000
2 0.222000 0.936667 0.064000 0.086667
1 0.242000 0.881667 0.072000 0.130000
2 0.277000 0.876667 0.058000 0.086667
1 0.288000 0.820000 0.100000 0.153333
1 0.039000 0.876667 0.074000 0.246667
