4 0.923611 0.918519 0.147222 0.162963
4 0.976389 0.888889 0.047222 0.222222
2 0.920833 0.820370 0.158333 0.240741
2 0.793056 0.783333 0.075000 0.085185
4 0.904167 0.768519 0.013889 0.077778
4 0.887500 0.766667 0.013889 0.074074
4 0.865278 0.766667 0.019444 0.066667
4 0.570833 0.911111 0.091667 0.177778
3 0.569444 0.968519 0.055556 0.062963
2 0.636111 0.805556 0.122222 0.129630
1 0.720833 0.753704 0.075000 0.114815
2 0.395833 0.824074 0.125000 0.144444
2 0.495833 0.811111 0.069444 0.074074
1 0.491667 0.764815 0.083333 0.129630
1 0.530556 0.755556 0.072222 0.103704
2 0.552778 0.788889 0.061111 0.066667
2 0.325000 0.812963 0.083333 0.070370
2 0.068056 0.903704 0.130556 0.192593
2 0.094444 0.835185 0.083333 0.070370
