2 0.946429 0.878018 0.107143 0.152478
2 0.705357 0.822109 0.151786 0.094028
2 0.597470 0.797332 0.066964 0.044473
2 0.570685 0.790343 0.049107 0.043202
2 0.541667 0.789708 0.032738 0.026684
2 0.500744 0.790343 0.078869 0.058450
2 0.422619 0.782719 0.053571 0.033037
2 0.399554 0.780178 0.061012 0.038119
2 0.375000 0.780813 0.086310 0.054638
2 0.239583 0.797967 0.238095 0.137230
2 0.177083 0.759848 0.095238 0.066074
1 0.154018 0.754765 0.120536 0.066074
2 0.027530 0.754130 0.052083 0.100381
1 0.050595 0.721728 0.098214 0.132147
