4 0.982456 0.782353 0.035088 0.435294
4 0.961623 0.907843 0.041667 0.176471
0 0.961623 0.947059 0.041667 0.105882
4 0.934211 0.905882 0.035088 0.141176
0 0.935307 0.947059 0.032895 0.105882
4 0.856360 0.900000 0.041667 0.168627
0 0.858553 0.937255 0.041667 0.109804
4 0.788377 0.841176 0.111842 0.317647
4 0.731360 0.841176 0.085526 0.317647
4 0.655702 0.809804 0.100877 0.380392
4 0.599781 0.849020 0.072368 0.301961
2 0.515351 0.909804 0.070175 0.101961
4 0.485746 0.907843 0.041667 0.184314
4 0.459430 0.896078 0.037281 0.207843
4 0.438596 0.894118 0.052632 0.211765
4 0.405702 0.909804 0.035088 0.164706
4 0.365132 0.872549 0.067982 0.254902
4 0.320175 0.909804 0.030702 0.164706
4 0.242325 0.878431 0.067982 0.243137
4 0.155702 0.894118 0.048246 0.203922
4 0.122807 0.894118 0.043860 0.211765
