2 0.455772 0.916357 0.140930 0.144981
2 0.253373 0.882900 0.137931 0.163569
2 0.289355 0.781599 0.107946 0.102230
2 0.176162 0.721190 0.082459 0.111524
2 0.075712 0.671004 0.082459 0.074349
2 0.345577 0.694238 0.082459 0.072491
2 0.486507 0.687732 0.082459 0.078067
2 0.207646 0.613383 0.067466 0.063197
2 0.377061 0.650558 0.064468 0.066914
2 0.488756 0.645911 0.071964 0.050186
2 0.479010 0.558550 0.055472 0.050186
2 0.836582 0.836431 0.122939 0.115242
2 0.790105 0.755576 0.095952 0.083643
2 0.952024 0.788104 0.095952 0.092937
2 0.964018 0.657063 0.068966 0.076208
2 0.766117 0.590149 0.053973 0.057621
2 0.828336 0.574349 0.067466 0.059480
2 0.658171 0.592007 0.053973 0.061338
2 0.655172 0.555762 0.056972 0.055762
2 0.695652 0.544610 0.041979 0.048327
2 0.733133 0.525093 0.041979 0.053903
1 0.398051 0.565056 0.061469 0.081784
1 0.290105 0.540892 0.055472 0.070632
2 0.335832 0.505576 0.044978 0.048327
