2 0.653292 0.787466 0.172840 0.193460
2 0.731996 0.767030 0.149177 0.201635
2 0.185700 0.789510 0.233539 0.268392
2 0.390947 0.777248 0.170782 0.178474
2 0.572531 0.744550 0.087449 0.140327
2 0.463477 0.743869 0.081276 0.095368
2 0.073560 0.758174 0.126543 0.192098
2 0.295782 0.754087 0.103909 0.110354
2 0.802469 0.698229 0.063786 0.107629
2 0.966049 0.766349 0.067901 0.156676
4 0.919239 0.727520 0.036008 0.089918
3 0.919753 0.744550 0.039095 0.072207
2 0.576132 0.596730 0.059671 0.065395
2 0.636317 0.525204 0.050412 0.072207
2 0.682099 0.588556 0.055556 0.070845
2 0.726852 0.536104 0.056584 0.055858
2 0.484568 0.713215 0.082305 0.102180
2 0.808642 0.548365 0.055556 0.055858
2 0.663580 0.649864 0.080247 0.070845
