4 0.941048 0.732187 0.052402 0.117936
4 0.849345 0.748157 0.043668 0.110565
4 0.832969 0.766585 0.063319 0.117936
4 0.777293 0.821867 0.056769 0.115479
4 0.744541 0.762899 0.030568 0.115479
4 0.693231 0.864865 0.041485 0.122850
4 0.615721 0.764128 0.034934 0.108108
4 0.524017 0.791155 0.030568 0.098280
4 0.537118 0.789926 0.034934 0.095823
4 0.467249 0.847666 0.039301 0.098280
4 0.421397 0.803440 0.034934 0.113022
4 0.343886 0.802211 0.045852 0.110565
4 0.307860 0.772727 0.052402 0.110565
2 0.813319 0.589681 0.159389 0.201474
2 0.617904 0.582310 0.139738 0.171990
2 0.460699 0.572482 0.131004 0.152334
2 0.386463 0.421376 0.126638 0.154791
2 0.544760 0.422604 0.124454 0.152334
2 0.729258 0.442260 0.135371 0.167076
2 0.939956 0.535627 0.120087 0.162162
2 0.868996 0.378378 0.139738 0.162162
2 0.762009 0.171990 0.135371 0.201474
2 0.490175 0.266585 0.128821 0.164619
2 0.315502 0.266585 0.124454 0.149877
2 0.268559 0.121622 0.126638 0.135135
2 0.419214 0.109337 0.126638 0.149877
2 0.560044 0.078624 0.128821 0.152334
2 0.709607 0.062654 0.126638 0.120393
2 0.359170 0.039312 0.128821 0.073710
2 0.216157 0.033170 0.117904 0.061425
