4 0.702046 0.577778 0.140665 0.637037
4 0.895141 0.564815 0.127877 0.366667
3 0.898977 0.670370 0.120205 0.296296
4 0.856777 0.522222 0.112532 0.392593
3 0.852941 0.614815 0.109974 0.281481
2 0.932225 0.475926 0.135550 0.181481
2 0.952685 0.438889 0.094629 0.129630
2 0.799233 0.459259 0.099744 0.162963
1 0.855499 0.370370 0.135550 0.177778
2 0.691816 0.427778 0.099744 0.144444
2 0.643223 0.411111 0.089514 0.118519
2 0.571611 0.381481 0.058824 0.074074
2 0.519182 0.379630 0.056266 0.070370
2 0.473146 0.372222 0.046036 0.062963
2 0.405371 0.362963 0.053708 0.059259
4 0.319693 0.711111 0.245524 0.570370
4 0.171355 0.725926 0.337596 0.548148
4 0.430946 0.666667 0.248082 0.614815
4 0.285166 0.661111 0.161125 0.625926
4 0.037084 0.662963 0.069054 0.622222
4 0.140665 0.475926 0.066496 0.255556
4 0.193095 0.466667 0.058824 0.274074
4 0.232737 0.474074 0.046036 0.251852
4 0.234015 0.407407 0.038363 0.222222
4 0.090793 0.414815 0.048593 0.148148
4 0.370844 0.446296 0.040921 0.196296
4 0.482097 0.453704 0.038363 0.188889
3 0.451407 0.759259 0.595908 0.422222
3 0.455243 0.824074 0.506394 0.351852
4 0.510230 0.453704 0.053708 0.225926
