2 0.917500 0.917286 0.110000 0.120818
2 0.715000 0.836431 0.080000 0.118959
2 0.700625 0.800186 0.061250 0.076208
2 0.809375 0.743494 0.063750 0.066914
2 0.682500 0.753717 0.060000 0.079926
1 0.603125 0.761152 0.098750 0.195167
2 0.668125 0.712825 0.048750 0.050186
2 0.725625 0.684015 0.048750 0.059480
2 0.738750 0.657063 0.040000 0.046468
2 0.690625 0.635688 0.026250 0.040892
1 0.648750 0.641264 0.062500 0.107807
2 0.585625 0.665428 0.038750 0.040892
2 0.572500 0.644052 0.032500 0.042751
2 0.613750 0.616171 0.025000 0.035316
2 0.699375 0.605948 0.026250 0.033457
2 0.337500 0.847584 0.082500 0.118959
2 0.382500 0.776952 0.065000 0.078067
2 0.486250 0.729554 0.055000 0.065056
2 0.501250 0.657993 0.040000 0.044610
2 0.431250 0.684015 0.045000 0.055762
2 0.363750 0.700743 0.050000 0.055762
2 0.402500 0.642193 0.047500 0.072491
2 0.455625 0.639405 0.036250 0.040892
2 0.510000 0.631970 0.037500 0.044610
2 0.431875 0.611524 0.028750 0.033457
2 0.510625 0.609665 0.033750 0.029740
2 0.480625 0.592007 0.023750 0.031599
1 0.411250 0.568773 0.040000 0.063197
2 0.441875 0.596654 0.026250 0.029740
2 0.521875 0.576208 0.023750 0.026022
4 0.048125 0.710967 0.016250 0.065056
4 0.131250 0.641264 0.017500 0.044610
4 0.016250 0.841078 0.025000 0.072491
4 0.085000 0.795539 0.022500 0.070632
4 0.226875 0.727695 0.021250 0.057621
