4 0.891463 0.898438 0.012195 0.062500
4 0.825610 0.892578 0.017073 0.058594
1 0.736585 0.878906 0.097561 0.148438
2 0.667073 0.921875 0.046341 0.062500
2 0.626829 0.947266 0.048780 0.066406
2 0.604878 0.910156 0.048780 0.062500
2 0.600000 0.894531 0.053659 0.070312
1 0.620732 0.791016 0.046341 0.089844
2 0.585366 0.824219 0.034146 0.046875
2 0.534146 0.898438 0.048780 0.062500
2 0.532927 0.873047 0.041463 0.058594
2 0.500000 0.847656 0.039024 0.046875
2 0.537805 0.824219 0.031707 0.039062
2 0.470732 0.900391 0.043902 0.058594
2 0.365854 0.900391 0.053659 0.066406
2 0.308537 0.894531 0.051220 0.054688
2 0.284146 0.880859 0.036585 0.058594
2 0.275610 0.970703 0.048780 0.058594
2 0.228049 0.958984 0.060976 0.082031
2 0.135366 0.953125 0.051220 0.062500
2 0.226829 0.867188 0.063415 0.054688
1 0.060976 0.816406 0.117073 0.132812
