2 0.778711 0.971591 0.128852 0.056818
2 0.953782 0.944318 0.086835 0.079545
2 0.906162 0.894318 0.092437 0.056818
2 0.830532 0.855682 0.086835 0.052273
2 0.773109 0.926136 0.106443 0.065909
2 0.715686 0.890909 0.098039 0.059091
2 0.784314 0.806818 0.078431 0.050000
2 0.574230 0.865909 0.100840 0.063636
2 0.610644 0.982955 0.140056 0.034091
2 0.581232 0.835227 0.075630 0.052273
2 0.666667 0.810227 0.067227 0.047727
2 0.539216 0.806818 0.058824 0.059091
2 0.651261 0.798864 0.064426 0.047727
2 0.749300 0.797727 0.053221 0.040909
1 0.760504 0.761364 0.075630 0.072727
2 0.336134 0.961364 0.128852 0.077273
1 0.103641 0.909091 0.196078 0.181818
2 0.219888 0.909091 0.081232 0.072727
1 0.088235 0.825000 0.148459 0.127273
1 0.229692 0.781818 0.140056 0.109091
2 0.355742 0.932955 0.117647 0.075000
2 0.365546 0.889773 0.098039 0.056818
2 0.371148 0.842045 0.092437 0.052273
2 0.551821 0.784091 0.067227 0.050000
2 0.645658 0.767045 0.064426 0.052273
2 0.424370 0.731818 0.053221 0.036364
2 0.184874 0.711364 0.050420 0.031818
2 0.492997 0.713636 0.039216 0.031818
2 0.530812 0.712500 0.042017 0.029545
