2 0.783964 0.963190 0.142539 0.073620
2 0.791759 0.937117 0.122494 0.113497
2 0.800668 0.872699 0.113586 0.095092
2 0.815145 0.858896 0.093541 0.104294
2 0.739421 0.849693 0.084633 0.092025
2 0.675947 0.840491 0.077951 0.085890
2 0.507795 0.975460 0.124722 0.049080
2 0.516704 0.957055 0.115813 0.085890
2 0.577951 0.912577 0.113586 0.131902
2 0.589087 0.861963 0.095768 0.085890
2 0.559020 0.838957 0.075724 0.088957
2 0.273942 0.960123 0.097996 0.079755
2 0.357461 0.934049 0.109131 0.131902
2 0.393096 0.903374 0.095768 0.119632
1 0.410913 0.858896 0.109131 0.153374
1 0.378619 0.820552 0.084633 0.138037
1 0.447661 0.837423 0.066815 0.104294
