2 0.863750 0.712406 0.057500 0.071429
2 0.827500 0.678571 0.060000 0.078947
2 0.812500 0.656015 0.045000 0.056391
2 0.912500 0.672932 0.060000 0.060150
2 0.942500 0.633459 0.050000 0.056391
2 0.770000 0.635338 0.050000 0.052632
2 0.833750 0.575188 0.032500 0.037594
2 0.766250 0.567669 0.037500 0.052632
2 0.796250 0.535714 0.032500 0.041353
2 0.743750 0.531955 0.032500 0.048872
2 0.728750 0.520677 0.027500 0.041353
1 0.648750 0.500000 0.037500 0.060150
1 0.620000 0.443609 0.030000 0.052632
1 0.740000 0.437970 0.025000 0.041353
2 0.470000 0.874060 0.095000 0.116541
2 0.510000 0.832707 0.085000 0.101504
2 0.477500 0.787594 0.080000 0.093985
2 0.493750 0.757519 0.077500 0.078947
2 0.491250 0.731203 0.057500 0.071429
2 0.505000 0.703008 0.060000 0.067669
2 0.496250 0.674812 0.057500 0.056391
2 0.515000 0.642857 0.055000 0.067669
2 0.498750 0.622180 0.037500 0.048872
2 0.523750 0.609023 0.042500 0.052632
2 0.591250 0.648496 0.047500 0.071429
2 0.330000 0.812030 0.085000 0.097744
2 0.315000 0.785714 0.075000 0.090226
2 0.192500 0.817669 0.080000 0.086466
2 0.232500 0.766917 0.080000 0.082707
2 0.283750 0.721805 0.062500 0.067669
2 0.387500 0.718045 0.065000 0.067669
2 0.343750 0.686090 0.052500 0.078947
2 0.365000 0.646617 0.060000 0.067669
2 0.406250 0.620301 0.047500 0.052632
2 0.432500 0.601504 0.045000 0.060150
2 0.432500 0.560150 0.030000 0.037594
2 0.135000 0.953008 0.125000 0.093985
2 0.141250 0.879699 0.082500 0.105263
2 0.062500 0.593985 0.035000 0.045113
2 0.012500 0.524436 0.020000 0.056391
2 0.026250 0.515038 0.032500 0.067669
2 0.175000 0.498120 0.025000 0.033835
