4 0.400401 0.784167 0.169786 0.421667
4 0.502674 0.845000 0.131016 0.310000
4 0.167112 0.825833 0.114973 0.348333
4 0.256016 0.842500 0.062834 0.315000
4 0.248663 0.798333 0.077540 0.300000
4 0.352273 0.770000 0.044118 0.193333
2 0.885695 0.750000 0.228610 0.190000
4 0.735294 0.698333 0.045455 0.090000
3 0.735294 0.716667 0.040107 0.090000
2 0.545455 0.715833 0.077540 0.078333
2 0.658422 0.686667 0.073529 0.053333
2 0.598262 0.692500 0.049465 0.065000
2 0.707219 0.680833 0.064171 0.048333
2 0.782086 0.675000 0.074866 0.080000
