2 0.635366 0.891667 0.134146 0.077778
2 0.828049 0.856944 0.114634 0.075000
1 0.828049 0.794444 0.212195 0.138889
2 0.498780 0.886111 0.148780 0.088889
2 0.343902 0.940278 0.175610 0.091667
2 0.250000 0.930556 0.148780 0.083333
2 0.247561 0.869444 0.139024 0.061111
2 0.052439 0.956944 0.100000 0.075000
2 0.631707 0.841667 0.102439 0.066667
2 0.695122 0.805556 0.102439 0.050000
2 0.954878 0.830556 0.085366 0.061111
2 0.970732 0.798611 0.053659 0.047222
2 0.943902 0.776389 0.053659 0.052778
1 0.957317 0.722222 0.075610 0.088889
