2 0.207813 0.720627 0.140625 0.172324
1 0.235937 0.505222 0.125000 0.284595
1 0.285156 0.368146 0.129688 0.261097
2 0.359375 0.208877 0.046875 0.073107
2 0.371875 0.182768 0.043750 0.067885
2 0.353125 0.167102 0.046875 0.062663
2 0.432812 0.186684 0.046875 0.080940
2 0.482812 0.195822 0.043750 0.073107
1 0.536719 0.202350 0.079687 0.169713
1 0.574219 0.147520 0.076563 0.138381
1 0.424219 0.107050 0.045312 0.109661
2 0.349219 0.096606 0.035937 0.046997
2 0.405469 0.079634 0.035937 0.070496
2 0.384375 0.075718 0.028125 0.046997
4 0.832812 0.453003 0.028125 0.112272
4 0.617969 0.274151 0.026562 0.083551
2 0.638281 0.218016 0.054688 0.075718
4 0.693750 0.258486 0.018750 0.083551
4 0.682031 0.208877 0.017188 0.083551
