2 0.707965 0.932056 0.155752 0.135889
2 0.682301 0.754355 0.132743 0.198606
2 0.686726 0.630662 0.099115 0.146341
2 0.661947 0.557491 0.095575 0.146341
2 0.779646 0.508711 0.083186 0.132404
2 0.838938 0.426829 0.074336 0.121951
2 0.944248 0.550523 0.097345 0.139373
2 0.869912 0.743902 0.125664 0.184669
2 0.912389 0.914634 0.076106 0.170732
2 0.723894 0.374564 0.067257 0.114983
2 0.646018 0.494774 0.074336 0.125436
2 0.828319 0.386760 0.060177 0.090592
2 0.808850 0.346690 0.056637 0.087108
2 0.641593 0.439024 0.072566 0.097561
2 0.615929 0.397213 0.056637 0.097561
2 0.630088 0.362369 0.060177 0.069686
2 0.705310 0.343206 0.054867 0.087108
2 0.785841 0.303136 0.053097 0.076655
2 0.755752 0.256098 0.046018 0.080139
2 0.693805 0.303136 0.049558 0.083624
2 0.618584 0.322300 0.058407 0.073171
2 0.677876 0.266551 0.049558 0.080139
2 0.736283 0.242160 0.035398 0.066202
2 0.606195 0.212544 0.040708 0.069686
2 0.609735 0.271777 0.051327 0.083624
2 0.976991 0.707317 0.046018 0.167247
2 0.361062 0.895470 0.162832 0.202091
2 0.417699 0.813589 0.127434 0.205575
2 0.433628 0.684669 0.113274 0.156794
2 0.444248 0.601045 0.099115 0.142857
2 0.465487 0.562718 0.088496 0.142857
2 0.462832 0.510453 0.083186 0.121951
2 0.484071 0.475610 0.069027 0.121951
2 0.484956 0.439024 0.063717 0.118467
2 0.491150 0.390244 0.072566 0.111498
2 0.503540 0.318815 0.058407 0.114983
2 0.150442 0.874564 0.141593 0.250871
2 0.226549 0.783972 0.113274 0.202091
2 0.245133 0.656794 0.107965 0.177700
2 0.304425 0.578397 0.102655 0.153310
2 0.323894 0.526132 0.074336 0.132404
2 0.356637 0.475610 0.069027 0.121951
2 0.383186 0.447735 0.061947 0.114983
2 0.035398 0.831010 0.067257 0.205575
2 0.083186 0.729965 0.120354 0.170732
2 0.100885 0.634146 0.109735 0.146341
2 0.163717 0.550523 0.104425 0.153310
2 0.193805 0.503484 0.072566 0.121951
2 0.247788 0.445993 0.081416 0.118467
2 0.284956 0.388502 0.070796 0.121951
2 0.314159 0.337979 0.069027 0.097561
2 0.311504 0.360627 0.053097 0.094077
1 0.341593 0.264808 0.084956 0.160279
2 0.386726 0.385017 0.065487 0.073171
2 0.396460 0.357143 0.053097 0.073171
2 0.411504 0.310105 0.058407 0.097561
2 0.444248 0.259582 0.038938 0.059233
2 0.511504 0.270035 0.049558 0.073171
