2 0.695993 0.940647 0.158537 0.118705
4 0.559233 0.935252 0.048780 0.129496
4 0.611498 0.890288 0.041812 0.161871
0 0.610627 0.935252 0.040070 0.129496
4 0.622822 0.868705 0.029617 0.183453
4 0.554007 0.949640 0.041812 0.100719
2 0.743902 0.852518 0.163763 0.107914
2 0.719512 0.843525 0.146341 0.104317
2 0.702091 0.832734 0.132404 0.097122
2 0.456446 0.926259 0.118467 0.147482
4 0.388502 0.922662 0.041812 0.154676
0 0.390244 0.964029 0.041812 0.071942
2 0.405052 0.827338 0.060976 0.107914
4 0.445122 0.811151 0.022648 0.118705
2 0.537456 0.829137 0.067944 0.104317
4 0.336237 0.919065 0.045296 0.161871
4 0.297909 0.922662 0.034843 0.154676
4 0.269164 0.935252 0.043554 0.129496
4 0.163763 0.944245 0.045296 0.111511
4 0.124564 0.944245 0.047038 0.111511
2 0.273519 0.920863 0.101045 0.158273
2 0.225610 0.834532 0.071429 0.122302
