2 0.672500 0.773684 0.118333 0.131579
2 0.803333 0.719737 0.106667 0.128947
2 0.941667 0.706579 0.093333 0.134211
2 0.876667 0.617105 0.090000 0.107895
2 0.846667 0.571053 0.076667 0.089474
2 0.770000 0.640789 0.093333 0.118421
2 0.796667 0.668421 0.106667 0.142105
2 0.650000 0.693421 0.106667 0.160526
2 0.636667 0.673684 0.090000 0.136842
2 0.623333 0.561842 0.090000 0.113158
2 0.713333 0.539474 0.073333 0.094737
2 0.759167 0.477632 0.055000 0.081579
2 0.701667 0.461842 0.060000 0.071053
2 0.602500 0.476316 0.061667 0.068421
2 0.680000 0.419737 0.050000 0.071053
2 0.573333 0.394737 0.046667 0.057895
2 0.667500 0.386842 0.035000 0.047368
2 0.588333 0.334211 0.043333 0.052632
2 0.535000 0.339474 0.036667 0.047368
2 0.650833 0.286842 0.048333 0.036842
2 0.544167 0.901316 0.138333 0.160526
2 0.506667 0.636842 0.086667 0.115789
2 0.486667 0.536842 0.090000 0.115789
2 0.488333 0.485526 0.073333 0.071053
2 0.490000 0.457895 0.066667 0.073684
2 0.479167 0.450000 0.065000 0.063158
2 0.477500 0.417105 0.055000 0.071053
2 0.449167 0.363158 0.041667 0.047368
2 0.142500 0.739474 0.111667 0.136842
2 0.122500 0.650000 0.091667 0.089474
2 0.136667 0.588158 0.086667 0.092105
2 0.215000 0.589474 0.083333 0.105263
2 0.323333 0.636842 0.096667 0.142105
2 0.363333 0.584211 0.073333 0.100000
2 0.380000 0.538158 0.076667 0.097368
2 0.278333 0.542105 0.076667 0.121053
2 0.301667 0.500000 0.070000 0.084211
1 0.378333 0.484211 0.076667 0.131579
1 0.408333 0.426316 0.046667 0.084211
1 0.340000 0.423684 0.046667 0.089474
1 0.175833 0.493421 0.131667 0.213158
1 0.220833 0.444737 0.098333 0.168421
2 0.389167 0.338158 0.038333 0.044737
2 0.420000 0.303947 0.036667 0.060526
2 0.054167 0.838158 0.105000 0.128947
2 0.265833 0.842105 0.131667 0.152632
