4 0.714922 0.846667 0.048998 0.180000
0 0.716036 0.895000 0.051225 0.123333
4 0.958797 0.811667 0.024499 0.110000
2 0.065702 0.876667 0.126949 0.140000
2 0.204900 0.851667 0.164811 0.130000
2 0.269488 0.836667 0.089087 0.113333
2 0.350780 0.841667 0.144766 0.110000
2 0.453229 0.823333 0.100223 0.093333
1 0.446548 0.800000 0.095768 0.093333
2 0.524499 0.813333 0.086860 0.066667
2 0.589087 0.805000 0.082405 0.076667
2 0.645880 0.806667 0.071269 0.060000
2 0.673719 0.780000 0.069042 0.073333
2 0.737194 0.766667 0.062361 0.086667
2 0.787305 0.780000 0.037862 0.046667
