2 0.966000 0.906061 0.068000 0.096970
2 0.928000 0.754545 0.040000 0.054545
2 0.794000 0.756061 0.048000 0.063636
2 0.679000 0.743939 0.034000 0.051515
2 0.704000 0.750000 0.040000 0.051515
2 0.724000 0.778788 0.044000 0.054545
2 0.756000 0.803030 0.052000 0.066667
2 0.641000 0.780303 0.042000 0.063636
2 0.652000 0.809091 0.048000 0.078788
2 0.689000 0.859091 0.066000 0.069697
2 0.682000 0.889394 0.060000 0.075758
2 0.734000 0.948485 0.072000 0.103030
2 0.596000 0.980303 0.072000 0.039394
2 0.593000 0.931818 0.082000 0.087879
2 0.600000 0.837879 0.060000 0.069697
2 0.548000 0.819697 0.060000 0.075758
1 0.547000 0.756061 0.062000 0.093939
1 0.593000 0.725758 0.042000 0.063636
2 0.276000 0.989394 0.100000 0.021212
2 0.307000 0.975758 0.074000 0.048485
2 0.275000 0.921212 0.082000 0.096970
2 0.217000 0.875758 0.070000 0.078788
2 0.054000 0.886364 0.068000 0.112121
2 0.097000 0.868182 0.058000 0.081818
2 0.049000 0.795455 0.058000 0.069697
1 0.150000 0.772727 0.072000 0.127273
2 0.190000 0.760606 0.048000 0.066667
2 0.258000 0.816667 0.060000 0.063636
2 0.273000 0.789394 0.062000 0.069697
2 0.351000 0.769697 0.058000 0.066667
2 0.319000 0.718182 0.038000 0.060606
