2 0.635563 0.648958 0.076291 0.093750
2 0.768779 0.538542 0.053991 0.077083
2 0.790493 0.516667 0.050469 0.075000
2 0.587441 0.527083 0.062207 0.079167
2 0.607394 0.473958 0.043427 0.064583
2 0.690141 0.486458 0.046948 0.068750
2 0.696596 0.445833 0.043427 0.070833
2 0.717723 0.412500 0.041080 0.054167
2 0.798709 0.417708 0.038732 0.056250
1 0.792840 0.333333 0.050469 0.125000
2 0.737676 0.357292 0.034038 0.047917
2 0.681338 0.360417 0.034038 0.045833
2 0.551056 0.371875 0.034038 0.047917
2 0.505869 0.368750 0.035211 0.045833
2 0.474765 0.380208 0.034038 0.047917
2 0.453052 0.395833 0.035211 0.050000
2 0.416667 0.416667 0.035211 0.058333
2 0.401408 0.429167 0.044601 0.058333
1 0.430751 0.346875 0.046948 0.085417
2 0.285798 0.457292 0.048122 0.060417
2 0.263498 0.582292 0.071596 0.118750
2 0.208920 0.572917 0.058685 0.095833
2 0.057512 0.579167 0.079812 0.137500
