2 0.730019 0.741766 0.265107 0.291916
2 0.883041 0.665419 0.222222 0.184132
2 0.963450 0.568114 0.073099 0.085329
2 0.788012 0.541916 0.069201 0.071856
2 0.746589 0.518713 0.046784 0.049401
2 0.634016 0.507485 0.041910 0.047904
2 0.588694 0.508982 0.044834 0.050898
2 0.542398 0.559132 0.088694 0.097305
2 0.379142 0.492515 0.044834 0.059880
2 0.350390 0.489521 0.030214 0.035928
2 0.353801 0.464072 0.019493 0.026946
1 0.311891 0.446108 0.029240 0.059880
2 0.382554 0.430389 0.012671 0.016467
2 0.402047 0.433383 0.014620 0.019461
2 0.534600 0.478293 0.026316 0.028443
2 0.484893 0.475299 0.024366 0.028443
2 0.530214 0.463323 0.021442 0.025449
2 0.488304 0.448353 0.017544 0.022455
2 0.459552 0.437874 0.016569 0.025449
2 0.505361 0.434880 0.016569 0.019461
