4 0.944348 0.293612 0.111304 0.253071
4 0.696522 0.321867 0.088696 0.250614
4 0.615652 0.310811 0.027826 0.095823
4 0.583478 0.310811 0.029565 0.105651
4 0.502609 0.402948 0.149565 0.432432
4 0.541739 0.342752 0.067826 0.189189
4 0.300870 0.396806 0.090435 0.257985
4 0.204348 0.383292 0.046957 0.127764
4 0.409565 0.334152 0.026087 0.068796
0 0.206957 0.418919 0.041739 0.095823
0 0.300870 0.463145 0.083478 0.184275
0 0.509565 0.533170 0.180870 0.304668
0 0.582609 0.334152 0.038261 0.058968
0 0.627826 0.328010 0.048696 0.056511
0 0.710435 0.386978 0.113043 0.154791
0 0.946087 0.384521 0.107826 0.203931
