4 0.039130 0.794118 0.040000 0.131653
4 0.133043 0.743697 0.019130 0.092437
4 0.245217 0.763305 0.038261 0.148459
4 0.280870 0.742297 0.026087 0.095238
4 0.322609 0.763305 0.043478 0.165266
4 0.393043 0.740896 0.034783 0.137255
4 0.416522 0.712885 0.015652 0.058824
4 0.465217 0.711485 0.015652 0.067227
4 0.510435 0.733894 0.036522 0.128852
4 0.569565 0.714286 0.036522 0.117647
4 0.640000 0.749300 0.073043 0.215686
4 0.749565 0.714286 0.062609 0.184874
4 0.962609 0.659664 0.019130 0.064426
0 0.749565 0.771709 0.073043 0.148459
0 0.643478 0.822129 0.083478 0.176471
0 0.571304 0.745098 0.033043 0.089636
0 0.512174 0.757703 0.033043 0.092437
0 0.465217 0.726891 0.015652 0.053221
0 0.417391 0.731092 0.013913 0.044818
0 0.394783 0.763305 0.027826 0.103641
0 0.322609 0.796919 0.040000 0.120448
0 0.246957 0.794118 0.034783 0.109244
0 0.280000 0.768908 0.024348 0.070028
0 0.133043 0.764706 0.029565 0.067227
0 0.039130 0.810924 0.036522 0.098039
