1 0.085000 0.645333 0.142000 0.106667
2 0.148000 0.677333 0.060000 0.048000
2 0.076000 0.586667 0.044000 0.026667
2 0.266000 0.609333 0.040000 0.034667
2 0.291000 0.589333 0.026000 0.026667
1 0.389000 0.769333 0.106000 0.157333
2 0.387000 0.684000 0.042000 0.045333
2 0.472000 0.621333 0.028000 0.032000
2 0.447000 0.592000 0.030000 0.032000
1 0.513000 0.600000 0.030000 0.053333
2 0.604000 0.604000 0.048000 0.024000
2 0.615000 0.613333 0.050000 0.026667
2 0.642000 0.637333 0.076000 0.042667
2 0.648000 0.657333 0.068000 0.034667
2 0.671000 0.681333 0.094000 0.050667
2 0.681000 0.704000 0.082000 0.042667
2 0.706000 0.733333 0.104000 0.064000
2 0.784000 0.836000 0.172000 0.088000
4 0.846000 0.949333 0.048000 0.101333
4 0.747000 0.637333 0.010000 0.042667
