2 0.729460 0.761458 0.085681 0.127083
2 0.561033 0.721875 0.077465 0.118750
2 0.599178 0.675000 0.071596 0.100000
2 0.693662 0.403125 0.030516 0.043750
2 0.747066 0.380208 0.026995 0.039583
1 0.754695 0.359375 0.035211 0.077083
1 0.718897 0.357292 0.031690 0.068750
2 0.697770 0.383333 0.031690 0.033333
2 0.644953 0.383333 0.026995 0.033333
2 0.450704 0.386458 0.028169 0.039583
2 0.481221 0.420833 0.042254 0.083333
2 0.519953 0.383333 0.018779 0.029167
2 0.362089 0.438542 0.034038 0.047917
2 0.339202 0.484375 0.042254 0.056250
2 0.296948 0.521875 0.046948 0.068750
2 0.282864 0.602083 0.058685 0.079167
2 0.215376 0.579167 0.055164 0.079167
2 0.127347 0.587500 0.057512 0.070833
