4 0.070098 0.650735 0.087255 0.272059
4 0.120588 0.633824 0.060784 0.276471
4 0.198529 0.708088 0.083333 0.183824
4 0.178922 0.618382 0.050000 0.177941
4 0.229902 0.612500 0.065686 0.180882
4 0.264216 0.605882 0.065686 0.173529
4 0.291176 0.584559 0.037255 0.177941
4 0.325000 0.600735 0.036275 0.142647
4 0.348039 0.584559 0.027451 0.154412
4 0.394118 0.620588 0.078431 0.291176
4 0.544118 0.530147 0.019608 0.092647
4 0.601961 0.590441 0.082353 0.157353
4 0.649020 0.544118 0.023529 0.085294
2 0.730392 0.605882 0.241176 0.176471
4 0.936275 0.592647 0.064706 0.282353
4 0.982353 0.655147 0.035294 0.213235
4 0.475000 0.550735 0.028431 0.077941
4 0.495098 0.543382 0.039216 0.077941
4 0.528922 0.544853 0.022549 0.069118
4 0.568137 0.547059 0.022549 0.091176
