2 0.763070 0.929126 0.149055 0.141748
2 0.941602 0.962136 0.116796 0.064078
1 0.739155 0.747573 0.163515 0.337864
2 0.895996 0.853398 0.116796 0.145631
2 0.855395 0.748544 0.086763 0.130097
1 0.821468 0.571845 0.098999 0.258252
2 0.595662 0.835922 0.107898 0.172816
2 0.604561 0.717476 0.078977 0.118447
2 0.620690 0.666019 0.073415 0.108738
2 0.624027 0.628155 0.057842 0.079612
2 0.603448 0.599029 0.058954 0.083495
1 0.689099 0.563107 0.098999 0.166990
2 0.596218 0.552427 0.046719 0.064078
2 0.518354 0.540777 0.040044 0.060194
2 0.580645 0.547573 0.042269 0.066019
1 0.575083 0.484466 0.064516 0.106796
1 0.677976 0.474757 0.070078 0.122330
1 0.744160 0.471845 0.062291 0.116505
1 0.617909 0.448544 0.047831 0.100971
1 0.671301 0.423301 0.045606 0.089320
2 0.424917 0.854369 0.111235 0.155340
2 0.195773 0.966990 0.124583 0.066019
2 0.204116 0.853398 0.107898 0.141748
2 0.335929 0.716505 0.077864 0.108738
2 0.422692 0.690291 0.080089 0.102913
2 0.329255 0.651456 0.066741 0.087379
2 0.422136 0.622330 0.070078 0.095146
2 0.409900 0.601942 0.054505 0.077670
2 0.413237 0.571845 0.047831 0.067961
2 0.451613 0.555340 0.046719 0.069903
2 0.441602 0.534951 0.044494 0.056311
4 0.028365 0.918447 0.050056 0.139806
3 0.027253 0.953398 0.047831 0.093204
1 0.064516 0.728155 0.126808 0.299029
4 0.181313 0.733010 0.033370 0.102913
3 0.180200 0.753398 0.031146 0.073786
4 0.205784 0.716505 0.031146 0.097087
3 0.205228 0.734951 0.030033 0.083495
1 0.185762 0.584466 0.126808 0.264078
1 0.298109 0.554369 0.109010 0.176699
1 0.350945 0.510680 0.067853 0.128155
1 0.321468 0.473786 0.073415 0.120388
2 0.406007 0.496117 0.033370 0.048544
2 0.379867 0.512621 0.032258 0.066019
2 0.441602 0.506796 0.040044 0.046602
2 0.458843 0.494175 0.038932 0.052427
2 0.432147 0.466019 0.036707 0.042718
2 0.464961 0.481553 0.028921 0.050485
2 0.073415 0.542718 0.091212 0.056311
2 0.101780 0.516505 0.058954 0.054369
1 0.364850 0.433010 0.042269 0.066019
1 0.968854 0.748544 0.062291 0.316505
4 0.921580 0.645631 0.032258 0.091262
3 0.922136 0.659223 0.031146 0.075728
2 0.750278 0.516505 0.036707 0.062136
2 0.762514 0.529126 0.034483 0.060194
2 0.517798 0.519417 0.036707 0.048544
