4 0.843367 0.708155 0.092531 0.326180
3 0.842252 0.806867 0.154961 0.309013
2 0.848384 0.666309 0.151616 0.178112
4 0.633222 0.761803 0.115942 0.450644
3 0.637681 0.853004 0.118172 0.285408
2 0.389632 0.630901 0.076923 0.094421
4 0.285953 0.643777 0.036789 0.158798
3 0.286511 0.681330 0.037904 0.122318
4 0.310479 0.628755 0.027871 0.107296
3 0.309365 0.662017 0.030100 0.083691
4 0.260312 0.619099 0.027871 0.100858
4 0.186734 0.648069 0.054627 0.180258
4 0.158863 0.621245 0.030100 0.092275
4 0.089744 0.635193 0.039019 0.107296
