1 0.659000 0.680124 0.102000 0.186335
1 0.739000 0.520186 0.066000 0.108696
2 0.620000 0.552795 0.048000 0.068323
1 0.559000 0.625776 0.102000 0.170807
1 0.457000 0.664596 0.118000 0.236025
1 0.363000 0.805901 0.122000 0.189441
2 0.293000 0.763975 0.070000 0.093168
2 0.283000 0.569876 0.042000 0.046584
1 0.286000 0.517081 0.060000 0.090062
2 0.159000 0.850932 0.106000 0.136646
2 0.186000 0.664596 0.064000 0.068323
2 0.155000 0.594720 0.054000 0.071429
1 0.057000 0.621118 0.110000 0.198758
2 0.399000 0.524845 0.046000 0.062112
2 0.471000 0.481366 0.038000 0.049689
2 0.323000 0.591615 0.058000 0.052795
