2 0.918321 0.834101 0.163359 0.202765
2 0.764885 0.713134 0.125191 0.154378
2 0.911450 0.675115 0.122137 0.142857
2 0.754962 0.662442 0.096183 0.108295
2 0.876336 0.622120 0.097710 0.156682
2 0.667939 0.632488 0.105344 0.108295
2 0.953435 0.622120 0.093130 0.129032
2 0.794656 0.579493 0.096183 0.094470
2 0.688550 0.596774 0.091603 0.092166
2 0.761069 0.544931 0.090076 0.099078
2 0.892366 0.533410 0.096183 0.085253
2 0.820611 0.493088 0.087023 0.082949
2 0.812214 0.460829 0.076336 0.078341
2 0.632061 0.573733 0.088550 0.101382
2 0.696947 0.497696 0.083969 0.082949
2 0.749618 0.437788 0.070229 0.073733
2 0.598473 0.548387 0.076336 0.087558
2 0.664885 0.472350 0.074809 0.082949
2 0.589313 0.520737 0.079389 0.082949
2 0.641221 0.438940 0.070229 0.080645
2 0.580916 0.496544 0.065649 0.076037
2 0.554962 0.487327 0.062595 0.080645
2 0.545038 0.464286 0.064122 0.094470
2 0.595420 0.414747 0.061069 0.073733
1 0.684733 0.366359 0.138931 0.156682
2 0.509924 0.437788 0.064122 0.073733
2 0.490840 0.408986 0.056489 0.076037
2 0.577099 0.384793 0.061069 0.073733
2 0.470992 0.382488 0.050382 0.069124
2 0.532824 0.354839 0.058015 0.073733
2 0.554198 0.380184 0.045802 0.064516
2 0.908397 0.368664 0.064122 0.069124
2 0.451145 0.365207 0.047328 0.062212
2 0.508397 0.339862 0.045802 0.062212
2 0.597710 0.344470 0.044275 0.052995
2 0.561069 0.316820 0.038168 0.048387
2 0.480916 0.315668 0.042748 0.050691
2 0.541985 0.304147 0.036641 0.041475
2 0.437405 0.343318 0.038168 0.055300
2 0.531298 0.294931 0.039695 0.046083
2 0.506870 0.283410 0.039695 0.050691
2 0.458779 0.296083 0.044275 0.052995
2 0.499237 0.248848 0.042748 0.064516
2 0.456489 0.273041 0.039695 0.039171
2 0.483969 0.228111 0.036641 0.050691
2 0.464885 0.207373 0.032061 0.041475
2 0.437405 0.247696 0.025954 0.043779
2 0.390076 0.291475 0.035115 0.052995
2 0.375573 0.273041 0.030534 0.043779
2 0.372519 0.248848 0.030534 0.046083
2 0.364885 0.232719 0.030534 0.046083
2 0.345802 0.191244 0.032061 0.055300
2 0.435878 0.197005 0.032061 0.039171
2 0.383969 0.171659 0.025954 0.039171
2 0.419084 0.168203 0.032061 0.032258
2 0.337405 0.171659 0.027481 0.039171
2 0.325191 0.154378 0.027481 0.036866
2 0.374809 0.161290 0.029008 0.036866
2 0.412977 0.153226 0.032061 0.034562
2 0.355725 0.133641 0.024427 0.046083
2 0.393130 0.125576 0.022901 0.029954
2 0.312214 0.140553 0.029008 0.032258
1 0.363359 0.114055 0.039695 0.062212
1 0.325954 0.102535 0.025954 0.034562
2 0.848092 0.297235 0.041221 0.050691
2 0.754198 0.238479 0.070229 0.043779
2 0.701527 0.246544 0.032061 0.036866
2 0.662595 0.250000 0.030534 0.034562
2 0.686260 0.235023 0.029008 0.046083
2 0.983206 0.292627 0.030534 0.046083
2 0.812214 0.254608 0.030534 0.043779
2 0.546565 0.944700 0.177099 0.110599
2 0.478626 0.845622 0.145038 0.202765
2 0.400763 0.738479 0.126718 0.163594
2 0.380153 0.616359 0.100763 0.122120
2 0.368702 0.518433 0.093130 0.124424
2 0.338168 0.466590 0.077863 0.103687
2 0.248092 0.935484 0.166412 0.129032
2 0.222901 0.789171 0.134351 0.163594
2 0.249618 0.680876 0.114504 0.126728
2 0.224427 0.547235 0.091603 0.112903
2 0.219847 0.494240 0.073282 0.085253
2 0.208397 0.447005 0.071756 0.087558
2 0.208397 0.379032 0.062595 0.076037
2 0.308397 0.396313 0.061069 0.073733
2 0.280153 0.361751 0.056489 0.064516
2 0.232061 0.346774 0.045802 0.066820
2 0.270992 0.307604 0.044275 0.057604
2 0.193893 0.294931 0.045802 0.055300
2 0.263359 0.263825 0.038168 0.052995
2 0.257252 0.216590 0.038168 0.059908
2 0.193893 0.233871 0.036641 0.048387
2 0.233588 0.194700 0.027481 0.043779
2 0.247328 0.168203 0.033588 0.041475
2 0.233588 0.137097 0.027481 0.048387
2 0.036641 0.864055 0.064122 0.198157
2 0.054198 0.660138 0.096183 0.122120
2 0.053435 0.563364 0.094656 0.108295
2 0.087023 0.508065 0.079389 0.085253
2 0.084733 0.470046 0.071756 0.078341
1 0.087786 0.397465 0.105344 0.168203
2 0.147328 0.357143 0.041221 0.059908
2 0.114504 0.317972 0.042748 0.059908
2 0.139695 0.238479 0.038168 0.043779
2 0.151145 0.163594 0.030534 0.036866
2 0.151908 0.138249 0.025954 0.036866
1 0.193130 0.155530 0.050382 0.080645
