2 0.857778 0.903533 0.142222 0.154891
2 0.685556 0.767663 0.100000 0.100543
2 0.643333 0.669837 0.077778 0.089674
2 0.748889 0.695652 0.093333 0.092391
2 0.954444 0.790761 0.091111 0.119565
2 0.956667 0.709239 0.082222 0.092391
2 0.790000 0.663043 0.068889 0.081522
2 0.845556 0.619565 0.073333 0.065217
2 0.765556 0.618207 0.064444 0.062500
2 0.855556 0.581522 0.053333 0.059783
2 0.690000 0.566576 0.051111 0.062500
2 0.605556 0.517663 0.037778 0.040761
2 0.671111 0.525815 0.035556 0.046196
2 0.716667 0.531250 0.042222 0.040761
2 0.710000 0.506793 0.037778 0.046196
1 0.810000 0.513587 0.082222 0.130435
2 0.395556 0.849185 0.128889 0.144022
2 0.345556 0.683424 0.091111 0.089674
1 0.140000 0.620924 0.195556 0.154891
2 0.330000 0.607337 0.064444 0.073370
2 0.463333 0.585598 0.055556 0.057065
2 0.375556 0.547554 0.044444 0.051630
2 0.448889 0.559783 0.053333 0.054348
2 0.506667 0.513587 0.035556 0.043478
2 0.537778 0.494565 0.031111 0.038043
2 0.487778 0.489130 0.028889 0.038043
2 0.081111 0.697011 0.042222 0.073370
3 0.082222 0.707880 0.031111 0.062500
