2 0.963636 0.687621 0.072727 0.245648
2 0.939610 0.649903 0.120779 0.189555
2 0.874675 0.641199 0.128571 0.164410
2 0.858442 0.623791 0.111688 0.156673
2 0.776623 0.618956 0.111688 0.135397
2 0.814286 0.584139 0.088312 0.123791
2 0.865584 0.576402 0.071429 0.104449
1 0.792857 0.557060 0.092208 0.143133
2 0.740260 0.593810 0.085714 0.139265
2 0.705195 0.599613 0.051948 0.096712
2 0.681818 0.593810 0.057143 0.085106
2 0.674675 0.567698 0.035065 0.059961
2 0.590260 0.594778 0.100000 0.129594
2 0.625325 0.588975 0.071429 0.117988
2 0.553247 0.588975 0.062338 0.075435
2 0.543506 0.574468 0.042857 0.073501
2 0.528571 0.568665 0.033766 0.058027
2 0.199351 0.734043 0.271429 0.307544
2 0.302597 0.659574 0.155844 0.189555
2 0.069481 0.654739 0.136364 0.214700
1 0.168831 0.564797 0.184416 0.286267
1 0.342857 0.530948 0.207792 0.350097
2 0.456494 0.563830 0.042857 0.067698
