2 0.747104 0.739850 0.124839 0.108271
2 0.584942 0.603759 0.088803 0.082707
2 0.699485 0.590977 0.091377 0.078195
2 0.548906 0.496241 0.057915 0.054135
2 0.450450 0.406015 0.038610 0.033083
2 0.442728 0.398496 0.033462 0.036090
2 0.422136 0.377444 0.033462 0.030075
2 0.459459 0.367669 0.028314 0.025564
2 0.404762 0.354887 0.024453 0.030075
2 0.443372 0.353383 0.021879 0.021053
2 0.252252 0.734586 0.136422 0.151880
2 0.045689 0.789474 0.088803 0.156391
2 0.109395 0.596241 0.095238 0.088722
2 0.279279 0.554887 0.082368 0.072180
2 0.395109 0.543609 0.074646 0.067669
2 0.392535 0.497744 0.064350 0.060150
1 0.069498 0.470677 0.128700 0.132331
2 0.207851 0.512030 0.068211 0.061654
2 0.196911 0.466165 0.056628 0.057143
2 0.302445 0.463158 0.054054 0.048120
2 0.221364 0.451880 0.043758 0.046617
2 0.279279 0.433835 0.048906 0.055639
2 0.297941 0.422556 0.039897 0.042105
1 0.202059 0.387970 0.064350 0.078195
2 0.370656 0.400752 0.041184 0.034586
2 0.299228 0.396992 0.042471 0.036090
2 0.329472 0.387970 0.033462 0.033083
2 0.272201 0.381203 0.032175 0.031579
2 0.347490 0.365414 0.036036 0.033083
2 0.256757 0.374436 0.029601 0.033083
2 0.276705 0.350376 0.028314 0.030075
1 0.241313 0.338346 0.042471 0.048120
2 0.315315 0.357143 0.025740 0.022556
1 0.828829 0.540602 0.200772 0.193985
1 0.601030 0.379699 0.061776 0.070677
1 0.536680 0.379699 0.066924 0.070677
1 0.515444 0.360902 0.052767 0.066165
1 0.513514 0.341353 0.043758 0.054135
