1 0.852727 0.867412 0.294545 0.265176
2 0.962727 0.800319 0.074545 0.118211
1 0.584545 0.784345 0.190909 0.271565
2 0.482727 0.635783 0.052727 0.063898
2 0.445455 0.602236 0.054545 0.067093
1 0.358182 0.638978 0.123636 0.172524
1 0.104545 0.504792 0.060000 0.095847
2 0.323636 0.966454 0.138182 0.067093
2 0.239091 0.928115 0.110909 0.143770
2 0.295455 0.840256 0.089091 0.115016
2 0.350909 0.774760 0.080000 0.111821
2 0.142727 0.811502 0.089091 0.127796
2 0.097273 0.753994 0.067273 0.102236
2 0.186364 0.747604 0.070909 0.089457
2 0.266364 0.704473 0.063636 0.079872
2 0.166364 0.710863 0.060000 0.079872
2 0.063636 0.709265 0.061818 0.089457
2 0.040909 0.678914 0.056364 0.086262
2 0.131818 0.648562 0.063636 0.095847
2 0.186364 0.637380 0.056364 0.099042
2 0.156364 0.619808 0.047273 0.076677
2 0.135455 0.605431 0.049091 0.079872
2 0.105455 0.583067 0.040000 0.054313
2 0.070000 0.619808 0.041818 0.063898
2 0.021818 0.632588 0.040000 0.076677
2 0.049091 0.597444 0.040000 0.063898
2 0.034545 0.583067 0.036364 0.054313
2 0.025455 0.562300 0.036364 0.063898
2 0.080000 0.567093 0.040000 0.060703
2 0.017273 0.551118 0.030909 0.054313
2 0.070000 0.504792 0.030909 0.044728
2 0.026364 0.511182 0.027273 0.044728
2 0.011818 0.501597 0.020000 0.038339
