2 0.623864 0.940239 0.206818 0.119522
2 0.803409 0.956175 0.197727 0.087649
2 0.301136 0.950199 0.125000 0.099602
1 0.051136 0.898406 0.097727 0.203187
2 0.180682 0.964143 0.079545 0.071713
2 0.431818 0.956175 0.068182 0.079681
2 0.238636 0.960159 0.059091 0.079681
2 0.356818 0.958167 0.068182 0.083665
2 0.107955 0.944223 0.056818 0.071713
1 0.132955 0.906375 0.052273 0.091633
2 0.960227 0.948207 0.079545 0.087649
2 0.881818 0.940239 0.063636 0.079681
1 0.623864 0.888446 0.138636 0.143426
2 0.492045 0.938247 0.047727 0.059761
