2 0.729688 0.904028 0.309375 0.191943
2 0.898438 0.806872 0.203125 0.196682
2 0.848437 0.747630 0.181250 0.182464
2 0.986719 0.718009 0.026562 0.085308
2 0.857031 0.639810 0.120313 0.113744
2 0.959375 0.610190 0.081250 0.120853
2 0.746875 0.609005 0.093750 0.104265
2 0.845313 0.572275 0.096875 0.101896
2 0.798438 0.543839 0.078125 0.078199
2 0.767188 0.516588 0.071875 0.080569
2 0.697656 0.554502 0.082812 0.075829
2 0.714063 0.488152 0.059375 0.071090
2 0.629687 0.535545 0.075000 0.085308
2 0.630469 0.497630 0.064062 0.056872
2 0.606250 0.484597 0.062500 0.073460
2 0.674219 0.457346 0.057813 0.061611
2 0.632031 0.439573 0.045312 0.054502
2 0.625000 0.425355 0.040625 0.049763
2 0.590625 0.471564 0.056250 0.080569
2 0.567187 0.451422 0.059375 0.078199
2 0.612500 0.419431 0.043750 0.047393
2 0.586719 0.421801 0.057813 0.066351
2 0.547656 0.434834 0.054688 0.078199
2 0.520312 0.424171 0.053125 0.061611
2 0.513281 0.409953 0.045312 0.056872
2 0.492969 0.395735 0.039062 0.052133
1 0.562500 0.379147 0.062500 0.085308
2 0.480469 0.386256 0.042188 0.052133
2 0.471094 0.376777 0.039062 0.056872
1 0.458594 0.313981 0.035937 0.059242
2 0.442188 0.357820 0.031250 0.047393
1 0.559375 0.805687 0.265625 0.388626
2 0.456250 0.700237 0.118750 0.177725
2 0.451562 0.631517 0.096875 0.130332
2 0.618750 0.632701 0.090625 0.099526
2 0.585938 0.597156 0.087500 0.094787
2 0.539062 0.558057 0.078125 0.106635
2 0.524219 0.514218 0.070312 0.099526
2 0.435156 0.612559 0.089063 0.116114
2 0.411719 0.568720 0.079687 0.118483
2 0.400781 0.553318 0.064062 0.087678
2 0.388281 0.529621 0.060937 0.082938
2 0.493750 0.500000 0.059375 0.075829
2 0.472656 0.459716 0.057813 0.080569
2 0.390625 0.481043 0.059375 0.066351
2 0.375781 0.468009 0.054688 0.068720
2 0.371875 0.456161 0.056250 0.073460
2 0.457813 0.446682 0.053125 0.078199
2 0.440625 0.425355 0.043750 0.059242
2 0.435937 0.414692 0.043750 0.056872
2 0.364063 0.428910 0.040625 0.052133
2 0.363281 0.415877 0.042188 0.049763
2 0.371875 0.405213 0.040625 0.052133
2 0.417969 0.389810 0.035937 0.045024
2 0.353906 0.385071 0.032813 0.049763
2 0.352344 0.367299 0.035937 0.047393
2 0.406250 0.372038 0.028125 0.047393
2 0.396875 0.362559 0.031250 0.033175
2 0.392188 0.356635 0.028125 0.049763
2 0.382812 0.344787 0.025000 0.045024
2 0.339844 0.343602 0.032813 0.042654
4 0.173437 0.850711 0.062500 0.293839
4 0.199219 0.855450 0.051562 0.260664
2 0.168750 0.457346 0.056250 0.071090
4 0.075000 0.422986 0.018750 0.040284
3 0.075781 0.433649 0.017188 0.033175
2 0.142187 0.406398 0.037500 0.045024
2 0.164062 0.390995 0.037500 0.047393
2 0.189062 0.363744 0.028125 0.035545
2 0.230469 0.381517 0.029687 0.037915
2 0.277344 0.392180 0.035937 0.045024
2 0.248438 0.369668 0.028125 0.037915
2 0.286719 0.356635 0.026562 0.035545
2 0.227344 0.350711 0.023438 0.033175
2 0.202344 0.348341 0.023438 0.028436
2 0.189844 0.317536 0.017188 0.018957
