2 0.783471 0.804000 0.429752 0.381333
2 0.952893 0.666667 0.094215 0.208000
2 0.789256 0.670667 0.348760 0.466667
2 0.710744 0.540000 0.257851 0.344000
2 0.680992 0.517333 0.211570 0.304000
2 0.704132 0.452000 0.211570 0.317333
2 0.671901 0.428000 0.166942 0.242667
2 0.656198 0.350667 0.145455 0.221333
2 0.614876 0.337333 0.092562 0.141333
1 0.585950 0.301333 0.061157 0.117333
1 0.696694 0.269333 0.087603 0.149333
2 0.820661 0.322667 0.080992 0.122667
2 0.864463 0.376000 0.099174 0.165333
2 0.918182 0.333333 0.104132 0.160000
2 0.890909 0.388000 0.119008 0.184000
2 0.927273 0.400000 0.145455 0.234667
2 0.956198 0.460000 0.087603 0.237333
2 0.970248 0.502667 0.059504 0.216000
4 0.161983 0.748000 0.168595 0.504000
2 0.084298 0.789333 0.165289 0.421333
2 0.185950 0.696000 0.365289 0.554667
2 0.251240 0.640000 0.290909 0.368000
2 0.272727 0.554667 0.261157 0.346667
2 0.335537 0.472000 0.188430 0.293333
1 0.363636 0.365333 0.221488 0.325333
2 0.462810 0.358667 0.079339 0.146667
2 0.452893 0.320000 0.092562 0.149333
2 0.503306 0.329333 0.051240 0.093333
2 0.046281 0.478667 0.089256 0.210667
2 0.022314 0.412000 0.041322 0.120000
2 0.057025 0.418667 0.110744 0.181333
2 0.094215 0.394667 0.181818 0.298667
2 0.132231 0.365333 0.148760 0.202667
2 0.226446 0.373333 0.099174 0.176000
1 0.208264 0.253333 0.171901 0.309333
