2 0.720844 0.731511 0.136476 0.151125
2 0.602978 0.569132 0.104218 0.115756
2 0.513648 0.445338 0.074442 0.086817
2 0.481390 0.371383 0.064516 0.061093
2 0.462779 0.336013 0.052109 0.061093
2 0.439206 0.305466 0.049628 0.057878
2 0.410670 0.276527 0.042184 0.051447
2 0.387097 0.218650 0.044665 0.051447
2 0.588089 0.922830 0.153846 0.154341
2 0.565757 0.808682 0.138958 0.131833
2 0.540943 0.678457 0.109181 0.109325
2 0.467742 0.581994 0.106700 0.135048
2 0.435484 0.514469 0.081886 0.096463
2 0.401985 0.448553 0.079404 0.086817
2 0.389578 0.397106 0.064516 0.061093
2 0.368486 0.332797 0.057072 0.067524
2 0.359801 0.302251 0.049628 0.057878
2 0.367246 0.924437 0.143921 0.151125
2 0.359801 0.786174 0.129032 0.144695
2 0.323821 0.655949 0.116625 0.122186
2 0.321340 0.557878 0.091811 0.086817
2 0.295285 0.477492 0.084367 0.106109
2 0.291563 0.401929 0.066998 0.083601
2 0.290323 0.353698 0.059553 0.057878
2 0.286600 0.318328 0.047146 0.064309
2 0.287841 0.273312 0.044665 0.064309
2 0.142680 0.884244 0.156328 0.231511
2 0.160050 0.681672 0.106700 0.128617
2 0.192308 0.548232 0.086849 0.093248
2 0.187345 0.475884 0.076923 0.083601
2 0.178660 0.418006 0.074442 0.077170
2 0.196030 0.381029 0.059553 0.073955
2 0.199752 0.337621 0.057072 0.064309
2 0.199752 0.299035 0.047146 0.057878
2 0.202233 0.263666 0.042184 0.051447
2 0.210918 0.242765 0.044665 0.048232
1 0.924318 0.572347 0.151365 0.263666
2 0.799007 0.512862 0.084367 0.086817
2 0.696030 0.446945 0.066998 0.077170
2 0.720844 0.397106 0.066998 0.067524
2 0.629032 0.385852 0.057072 0.064309
2 0.028536 0.265273 0.047146 0.054662
2 0.120347 0.207395 0.042184 0.048232
2 0.080645 0.186495 0.037221 0.045016
2 0.346154 0.273312 0.042184 0.045016
