4 0.787500 0.659774 0.302500 0.680451
3 0.806250 0.751880 0.287500 0.496241
4 0.297500 0.590226 0.145000 0.454887
3 0.296875 0.723684 0.156250 0.398496
4 0.635625 0.531015 0.098750 0.321429
3 0.625000 0.594925 0.127500 0.328947
4 0.865625 0.484962 0.071250 0.184211
3 0.863125 0.514098 0.076250 0.171053
2 0.935625 0.430451 0.128750 0.127820
2 0.093750 0.644737 0.185000 0.533835
2 0.323125 0.566729 0.321250 0.336466
2 0.460000 0.528195 0.212500 0.312030
2 0.515000 0.528195 0.165000 0.266917
2 0.668750 0.500000 0.097500 0.203008
2 0.688750 0.487782 0.097500 0.171053
2 0.715000 0.460526 0.095000 0.150376
