2 0.859890 0.476936 0.042857 0.041186
2 0.806044 0.476936 0.042857 0.044481
2 0.831868 0.458814 0.030769 0.034596
2 0.797802 0.453871 0.030769 0.031301
2 0.776374 0.461285 0.034066 0.039539
2 0.743956 0.460461 0.030769 0.031301
2 0.746703 0.452224 0.023077 0.024712
2 0.722527 0.459638 0.025275 0.026359
2 0.730220 0.447282 0.020879 0.024712
2 0.737363 0.439044 0.021978 0.028007
2 0.718132 0.439044 0.023077 0.031301
2 0.699451 0.444811 0.014286 0.023064
2 0.675275 0.446458 0.023077 0.026359
2 0.650000 0.440692 0.016484 0.014827
2 0.629670 0.435750 0.017582 0.024712
2 0.618681 0.437397 0.017582 0.021417
2 0.609341 0.430807 0.016484 0.021417
2 0.595604 0.428336 0.013187 0.019769
2 0.574725 0.420099 0.013187 0.019769
2 0.585714 0.434926 0.015385 0.023064
2 0.591758 0.435750 0.016484 0.018122
2 0.599451 0.446458 0.020879 0.029654
2 0.620330 0.450577 0.025275 0.031301
1 0.905495 0.641680 0.189011 0.331137
2 0.764835 0.593904 0.068132 0.070840
2 0.724725 0.533773 0.051648 0.059308
2 0.700000 0.510708 0.043956 0.056013
2 0.666484 0.489292 0.040659 0.042834
2 0.651099 0.475288 0.034066 0.037891
2 0.633516 0.466227 0.025275 0.032949
2 0.835714 0.855848 0.132967 0.159802
2 0.691209 0.634267 0.074725 0.092257
2 0.656593 0.551071 0.053846 0.067545
2 0.608791 0.488468 0.039560 0.044481
2 0.596703 0.471993 0.028571 0.034596
2 0.586264 0.459638 0.025275 0.032949
2 0.571978 0.449753 0.020879 0.023064
2 0.564835 0.443163 0.019780 0.019769
2 0.562088 0.438221 0.018681 0.023064
2 0.554396 0.431631 0.014286 0.023064
2 0.550549 0.427512 0.013187 0.021417
2 0.663187 0.867381 0.161538 0.265239
2 0.604945 0.705931 0.089011 0.107084
2 0.592857 0.603789 0.069231 0.097199
2 0.582418 0.557661 0.059341 0.057661
2 0.558242 0.523888 0.048352 0.056013
2 0.559341 0.499176 0.043956 0.039539
2 0.551099 0.484349 0.038462 0.042834
2 0.548352 0.466227 0.035165 0.046129
2 0.535165 0.453048 0.024176 0.032949
2 0.533516 0.440692 0.020879 0.021417
2 0.534066 0.430807 0.017582 0.021417
2 0.399451 0.813839 0.110989 0.158155
2 0.430220 0.666392 0.080220 0.110379
2 0.453297 0.554366 0.056044 0.067545
2 0.464835 0.526359 0.050549 0.060956
2 0.473077 0.503295 0.042857 0.051071
2 0.467582 0.482702 0.040659 0.046129
2 0.475275 0.465404 0.029670 0.031301
2 0.484615 0.453871 0.028571 0.034596
2 0.492857 0.442339 0.020879 0.024712
2 0.218681 0.870675 0.131868 0.169687
2 0.263187 0.753707 0.104396 0.133443
2 0.313187 0.659802 0.083516 0.100494
2 0.337363 0.576606 0.072527 0.118616
2 0.368681 0.551895 0.040659 0.069193
2 0.408242 0.495058 0.038462 0.047776
2 0.423626 0.478583 0.034066 0.041186
2 0.437363 0.463756 0.028571 0.034596
2 0.448901 0.453048 0.020879 0.032949
2 0.456593 0.446458 0.020879 0.026359
2 0.462088 0.437397 0.016484 0.018122
2 0.465934 0.433278 0.019780 0.023064
2 0.049451 0.797364 0.096703 0.194399
2 0.145055 0.682043 0.090110 0.138386
2 0.221978 0.599671 0.079121 0.112026
2 0.287363 0.553542 0.056044 0.065898
2 0.316484 0.509061 0.046154 0.052718
2 0.332967 0.494234 0.039560 0.046129
2 0.359890 0.481878 0.036264 0.044481
2 0.378571 0.468699 0.029670 0.037891
2 0.393956 0.460461 0.023077 0.031301
2 0.400000 0.448929 0.026374 0.041186
2 0.412088 0.445634 0.017582 0.024712
2 0.425275 0.443987 0.017582 0.024712
2 0.440110 0.424217 0.018681 0.024712
2 0.010989 0.560956 0.019780 0.067545
1 0.087363 0.498353 0.091209 0.116969
2 0.151099 0.478583 0.045055 0.051071
2 0.234066 0.466227 0.039560 0.052718
2 0.269231 0.457166 0.032967 0.034596
2 0.302747 0.446458 0.029670 0.039539
2 0.329121 0.447282 0.027473 0.028007
2 0.348901 0.438221 0.023077 0.026359
1 0.197253 0.447282 0.049451 0.077430
1 0.264286 0.437397 0.034066 0.054366
