2 0.910256 0.746951 0.162393 0.146341
2 0.979701 0.682927 0.040598 0.128049
1 0.831197 0.449695 0.188034 0.198171
2 0.709402 0.472561 0.064103 0.060976
2 0.974359 0.393293 0.034188 0.036585
2 0.899573 0.364329 0.042735 0.033537
2 0.744658 0.317073 0.027778 0.030488
2 0.697650 0.314024 0.023504 0.024390
2 0.649573 0.376524 0.042735 0.045732
2 0.619658 0.332317 0.029915 0.024390
2 0.581197 0.355183 0.034188 0.033537
2 0.526709 0.344512 0.032051 0.036585
2 0.574786 0.324695 0.025641 0.033537
2 0.588675 0.310976 0.019231 0.024390
2 0.550214 0.309451 0.023504 0.027439
2 0.525641 0.312500 0.021368 0.027439
2 0.496795 0.307927 0.019231 0.018293
2 0.485043 0.294207 0.017094 0.021341
2 0.506410 0.275915 0.017094 0.021341
2 0.466880 0.280488 0.014957 0.018293
2 0.605769 0.868902 0.155983 0.231707
2 0.373932 0.698171 0.106838 0.201220
2 0.459402 0.503049 0.059829 0.085366
2 0.504274 0.443598 0.051282 0.064024
2 0.460470 0.347561 0.032051 0.036585
2 0.428419 0.381098 0.036325 0.048780
2 0.336538 0.429878 0.049145 0.060976
2 0.336538 0.370427 0.036325 0.039634
2 0.371795 0.352134 0.029915 0.039634
2 0.382479 0.330793 0.025641 0.033537
2 0.422009 0.350610 0.027778 0.042683
2 0.439103 0.320122 0.023504 0.030488
2 0.432692 0.300305 0.019231 0.027439
2 0.403846 0.301829 0.025641 0.024390
1 0.381410 0.263720 0.023504 0.039634
2 0.070513 0.391768 0.051282 0.051829
2 0.154915 0.339939 0.040598 0.045732
2 0.160256 0.288110 0.034188 0.033537
2 0.216880 0.294207 0.023504 0.027439
