2 0.790957 0.940882 0.105319 0.114228
4 0.714894 0.746493 0.023404 0.074148
3 0.716489 0.757515 0.022340 0.068136
1 0.897340 0.793587 0.205319 0.276553
2 0.624468 0.644289 0.036170 0.046092
2 0.573936 0.658317 0.039362 0.054108
2 0.539894 0.699399 0.043617 0.068136
2 0.582447 0.598196 0.026596 0.034068
2 0.532979 0.599198 0.025532 0.048096
2 0.481915 0.595190 0.025532 0.036072
2 0.509574 0.578156 0.023404 0.034068
2 0.512766 0.546092 0.017021 0.030060
2 0.544681 0.571142 0.023404 0.036072
2 0.577660 0.582164 0.023404 0.034068
2 0.500000 0.523046 0.014894 0.028056
2 0.620745 0.529058 0.018085 0.028056
2 0.837234 0.635271 0.040426 0.044088
2 0.759574 0.599198 0.031915 0.040080
2 0.677660 0.558116 0.021277 0.034068
2 0.430851 0.885772 0.076596 0.128257
2 0.320213 0.799599 0.057447 0.100200
2 0.427128 0.696393 0.043617 0.062124
2 0.363830 0.714429 0.046809 0.070140
2 0.409574 0.662325 0.034043 0.054108
2 0.425000 0.625251 0.030851 0.052104
2 0.299468 0.976954 0.081915 0.046092
2 0.236170 0.773547 0.059574 0.100200
2 0.274468 0.714429 0.044681 0.070140
2 0.287766 0.666333 0.043617 0.070140
2 0.350000 0.687375 0.034043 0.068136
2 0.322340 0.632265 0.031915 0.042084
2 0.321809 0.606212 0.030851 0.046092
2 0.370745 0.608216 0.026596 0.046092
2 0.418085 0.575150 0.021277 0.036072
2 0.380851 0.567134 0.019149 0.044088
2 0.338298 0.572144 0.025532 0.034068
2 0.350000 0.556112 0.019149 0.034068
2 0.419681 0.540080 0.015957 0.030060
2 0.013298 0.674349 0.024468 0.054108
2 0.028723 0.665331 0.027660 0.060120
2 0.142021 0.609218 0.032979 0.044088
2 0.123936 0.600200 0.028723 0.042084
2 0.219681 0.584168 0.026596 0.034068
4 0.052660 0.661323 0.011702 0.052104
4 0.039894 0.664329 0.009574 0.050100
2 0.388830 0.527054 0.015957 0.020040
2 0.414894 0.528056 0.014894 0.026052
