2 0.901000 0.983631 0.138000 0.032738
2 0.656000 0.857143 0.096000 0.113095
2 0.804000 0.816964 0.092000 0.122024
2 0.656000 0.736607 0.080000 0.104167
2 0.780000 0.729167 0.080000 0.083333
2 0.888000 0.726190 0.080000 0.089286
2 0.865000 0.675595 0.070000 0.077381
2 0.759000 0.654762 0.070000 0.089286
2 0.663000 0.659226 0.058000 0.080357
2 0.649000 0.592262 0.054000 0.065476
2 0.737000 0.607143 0.066000 0.083333
2 0.706000 0.568452 0.044000 0.059524
2 0.636000 0.544643 0.044000 0.053571
2 0.676000 0.514881 0.044000 0.053571
1 0.794000 0.537202 0.092000 0.133929
2 0.712000 0.494048 0.036000 0.041667
2 0.653000 0.486607 0.034000 0.044643
2 0.601000 0.482143 0.030000 0.047619
2 0.573000 0.453869 0.030000 0.044643
2 0.619000 0.450893 0.030000 0.044643
2 0.649000 0.444940 0.030000 0.038690
1 0.595000 0.391369 0.034000 0.062500
2 0.395000 0.947917 0.126000 0.104167
2 0.220000 0.946429 0.124000 0.107143
2 0.048000 0.937500 0.092000 0.125000
2 0.132000 0.876488 0.116000 0.127976
2 0.278000 0.866071 0.116000 0.125000
2 0.457000 0.837798 0.102000 0.133929
2 0.486000 0.741071 0.076000 0.125000
2 0.358000 0.758929 0.088000 0.101190
2 0.212000 0.790179 0.092000 0.116071
2 0.257000 0.729167 0.078000 0.095238
2 0.331000 0.681548 0.066000 0.071429
2 0.398000 0.709821 0.072000 0.086310
2 0.512000 0.699405 0.068000 0.089286
2 0.427000 0.671131 0.066000 0.068452
2 0.357000 0.635417 0.058000 0.074405
2 0.447000 0.629464 0.054000 0.050595
2 0.532000 0.651786 0.064000 0.071429
2 0.542000 0.622024 0.060000 0.059524
2 0.544000 0.584821 0.052000 0.056548
2 0.540000 0.550595 0.048000 0.059524
2 0.528000 0.497024 0.036000 0.047619
2 0.507000 0.464286 0.034000 0.047619
2 0.468000 0.473214 0.032000 0.053571
1 0.455000 0.456845 0.038000 0.056548
2 0.468000 0.552083 0.044000 0.050595
2 0.417000 0.544643 0.046000 0.053571
2 0.410000 0.504464 0.036000 0.044643
2 0.023000 0.660714 0.042000 0.065476
2 0.220000 0.599702 0.052000 0.056548
2 0.280000 0.569940 0.036000 0.044643
2 0.142000 0.547619 0.032000 0.041667
1 0.227000 0.510417 0.078000 0.068452
1 0.278000 0.502976 0.044000 0.059524
1 0.163000 0.517857 0.062000 0.071429
1 0.386000 0.409226 0.036000 0.074405
