2 0.805122 0.809659 0.162584 0.181818
2 0.836303 0.781250 0.131403 0.153409
2 0.841871 0.727273 0.142539 0.164773
2 0.890869 0.677557 0.102450 0.122159
2 0.881960 0.632102 0.111359 0.093750
2 0.896437 0.610795 0.113586 0.119318
2 0.917595 0.575284 0.093541 0.116477
2 0.929844 0.545455 0.073497 0.096591
2 0.949889 0.521307 0.095768 0.105114
2 0.924276 0.487216 0.066815 0.065341
2 0.947661 0.447443 0.091314 0.099432
2 0.961024 0.383523 0.060134 0.073864
2 0.595768 0.805398 0.153675 0.161932
2 0.654788 0.750000 0.142539 0.164773
2 0.674833 0.687500 0.138085 0.142045
2 0.719376 0.678977 0.089087 0.119318
2 0.729399 0.646307 0.104677 0.110795
2 0.740535 0.623580 0.091314 0.105114
2 0.767261 0.606534 0.077951 0.105114
2 0.785078 0.589489 0.069042 0.105114
2 0.789532 0.572443 0.077951 0.093750
2 0.776169 0.526989 0.073497 0.088068
2 0.816258 0.539773 0.055679 0.090909
2 0.825167 0.517045 0.055679 0.079545
2 0.834076 0.498580 0.073497 0.076705
2 0.854120 0.461648 0.077951 0.065341
2 0.844098 0.407670 0.075724 0.053977
2 0.870824 0.348011 0.053452 0.048295
2 0.955457 0.306818 0.062361 0.051136
2 0.360802 0.808239 0.160356 0.173295
2 0.170379 0.845170 0.162584 0.184659
4 0.269488 0.867898 0.071269 0.178977
4 0.027840 0.852273 0.051225 0.193182
4 0.027840 0.727273 0.051225 0.136364
3 0.020045 0.750000 0.035635 0.102273
4 0.206013 0.639205 0.037862 0.119318
4 0.475501 0.487216 0.024499 0.065341
4 0.537862 0.480114 0.033408 0.085227
1 0.415367 0.683239 0.273942 0.321023
2 0.547884 0.674716 0.071269 0.122159
2 0.572383 0.642045 0.066815 0.102273
2 0.582405 0.603693 0.082405 0.110795
2 0.620267 0.582386 0.086860 0.096591
1 0.620267 0.515625 0.149220 0.190341
2 0.709354 0.497159 0.064588 0.085227
1 0.720490 0.407670 0.082405 0.110795
2 0.776169 0.465909 0.082405 0.062500
2 0.770601 0.403409 0.053452 0.062500
2 0.651448 0.392045 0.055679 0.051136
2 0.670379 0.379261 0.048998 0.053977
2 0.718263 0.333807 0.051225 0.042614
2 0.061247 0.487216 0.118040 0.059659
2 0.111359 0.463068 0.097996 0.045455
2 0.150334 0.455966 0.091314 0.048295
2 0.210468 0.431818 0.118040 0.051136
2 0.345212 0.394886 0.075724 0.051136
2 0.033408 0.419034 0.062361 0.065341
2 0.076837 0.390625 0.082405 0.059659
2 0.154788 0.380682 0.069042 0.051136
2 0.473274 0.485795 0.073497 0.068182
2 0.512249 0.454545 0.062361 0.096591
