1 0.949275 0.515474 0.101449 0.102515
2 0.804348 0.487427 0.034783 0.034816
2 0.734058 0.465184 0.027536 0.032882
2 0.699275 0.442940 0.021739 0.027079
2 0.678986 0.431335 0.021739 0.023211
2 0.707971 0.423598 0.021739 0.023211
2 0.733333 0.422631 0.020290 0.021277
2 0.750725 0.445841 0.023188 0.025145
2 0.754348 0.419729 0.024638 0.030948
2 0.802899 0.416828 0.023188 0.029014
2 0.797826 0.625725 0.079710 0.083172
2 0.709420 0.588975 0.062319 0.063830
2 0.675362 0.559961 0.046377 0.048356
2 0.590580 0.812379 0.094203 0.108317
2 0.608696 0.725338 0.081159 0.096712
2 0.592754 0.670213 0.072464 0.083172
2 0.584058 0.624758 0.057971 0.069632
2 0.599275 0.571567 0.050725 0.052224
2 0.596377 0.554159 0.044928 0.044487
2 0.589130 0.540619 0.036232 0.044487
2 0.592754 0.509671 0.034783 0.036750
2 0.581159 0.495164 0.031884 0.038685
2 0.610145 0.488395 0.028986 0.032882
2 0.593478 0.479691 0.027536 0.034816
2 0.593478 0.460348 0.027536 0.030948
2 0.591304 0.440039 0.023188 0.025145
2 0.588406 0.418762 0.020290 0.021277
2 0.428261 0.882012 0.114493 0.139265
2 0.452174 0.760155 0.086957 0.123791
2 0.462319 0.705029 0.081159 0.098646
2 0.489130 0.641199 0.065217 0.075435
1 0.506522 0.558027 0.085507 0.133462
2 0.535507 0.482592 0.027536 0.036750
2 0.555797 0.470986 0.027536 0.032882
2 0.540580 0.452611 0.026087 0.030948
2 0.552899 0.443907 0.021739 0.029014
2 0.555797 0.411025 0.018841 0.025145
2 0.562319 0.364603 0.014493 0.021277
2 0.197101 0.899420 0.136232 0.139265
2 0.302174 0.773694 0.097101 0.112186
2 0.378261 0.642166 0.072464 0.092843
2 0.418116 0.593810 0.053623 0.058027
2 0.444928 0.550290 0.043478 0.044487
2 0.453623 0.520309 0.031884 0.034816
2 0.481159 0.496132 0.034783 0.036750
2 0.494203 0.474855 0.034783 0.032882
2 0.501449 0.456480 0.026087 0.034816
2 0.509420 0.440039 0.024638 0.029014
2 0.518841 0.425532 0.023188 0.023211
2 0.534783 0.385880 0.017391 0.021277
2 0.022464 0.719536 0.042029 0.096712
2 0.228261 0.633462 0.071014 0.071567
2 0.260145 0.587041 0.053623 0.059961
2 0.315217 0.550290 0.050725 0.048356
2 0.377536 0.505803 0.036232 0.044487
2 0.392754 0.482592 0.028986 0.036750
2 0.426812 0.452611 0.027536 0.030948
2 0.441304 0.433269 0.021739 0.027079
2 0.454348 0.402321 0.018841 0.023211
2 0.476087 0.387814 0.018841 0.021277
2 0.483333 0.371373 0.018841 0.019342
2 0.492754 0.357834 0.014493 0.015474
2 0.468116 0.364603 0.014493 0.021277
1 0.441304 0.352031 0.030435 0.046422
2 0.441304 0.392650 0.018841 0.023211
2 0.428261 0.407157 0.018841 0.025145
2 0.401449 0.436170 0.026087 0.029014
2 0.375362 0.458414 0.031884 0.034816
2 0.336232 0.491296 0.037681 0.034816
2 0.297826 0.514507 0.044928 0.050290
2 0.192029 0.588008 0.062319 0.058027
2 0.123188 0.637331 0.072464 0.075435
2 0.057971 0.613153 0.066667 0.069632
2 0.261594 0.506770 0.042029 0.042553
2 0.375362 0.427466 0.026087 0.030948
2 0.409420 0.403288 0.024638 0.025145
4 0.004348 0.485493 0.005797 0.027079
4 0.057971 0.474855 0.011594 0.029014
2 0.170290 0.475822 0.030435 0.030948
2 0.186232 0.465184 0.027536 0.029014
2 0.165942 0.453578 0.030435 0.029014
2 0.145652 0.445841 0.027536 0.025145
4 0.235507 0.441006 0.010145 0.023211
3 0.236232 0.447776 0.011594 0.021277
2 0.251449 0.468085 0.033333 0.027079
2 0.193478 0.441973 0.018841 0.021277
2 0.213768 0.436170 0.021739 0.025145
1 0.286232 0.421663 0.042029 0.042553
