2 0.865823 0.955769 0.146835 0.088462
2 0.811392 0.848077 0.124051 0.219231
2 0.807595 0.778846 0.106329 0.142308
2 0.865823 0.546154 0.065823 0.084615
1 0.865823 0.446154 0.091139 0.161538
2 0.829114 0.407692 0.037975 0.069231
2 0.789873 0.240385 0.050633 0.057692
2 0.602532 0.809615 0.106329 0.180769
2 0.625316 0.694231 0.086076 0.126923
2 0.621519 0.603846 0.078481 0.100000
2 0.716456 0.571154 0.075949 0.096154
2 0.636709 0.500000 0.053165 0.076923
1 0.750633 0.461538 0.093671 0.184615
1 0.662025 0.392308 0.078481 0.153846
2 0.744304 0.338462 0.050633 0.076923
2 0.715190 0.271154 0.043038 0.073077
2 0.639241 0.253846 0.043038 0.069231
2 0.702532 0.192308 0.032911 0.069231
2 0.331646 0.967308 0.146835 0.065385
2 0.402532 0.815385 0.091139 0.146154
2 0.378481 0.750000 0.093671 0.146154
2 0.386076 0.665385 0.078481 0.107692
2 0.444304 0.613462 0.078481 0.088462
2 0.492405 0.486538 0.063291 0.080769
1 0.512658 0.344231 0.068354 0.134615
1 0.413924 0.351923 0.078481 0.142308
2 0.389873 0.255769 0.045570 0.073077
2 0.273418 0.507692 0.065823 0.076923
2 0.246835 0.555769 0.037975 0.073077
1 0.184810 0.582692 0.131646 0.242308
2 0.275949 0.709615 0.086076 0.111538
2 0.041772 0.786538 0.078481 0.111538
2 0.020253 0.896154 0.035443 0.153846
2 0.126582 0.911538 0.141772 0.176923
