2 0.816038 0.761261 0.288679 0.393393
4 0.584906 0.758258 0.105660 0.453453
4 0.860377 0.620120 0.083019 0.333333
4 0.945283 0.624625 0.071698 0.324324
4 0.984906 0.611111 0.030189 0.267267
4 0.958491 0.561562 0.033962 0.234234
4 0.933019 0.515015 0.028302 0.171171
4 0.720755 0.545045 0.045283 0.195195
4 0.794340 0.484985 0.022642 0.141141
4 0.778302 0.481982 0.024528 0.147147
4 0.818868 0.459459 0.022642 0.132132
4 0.837736 0.468468 0.026415 0.114114
4 0.804717 0.429429 0.028302 0.120120
4 0.790566 0.345345 0.015094 0.048048
4 0.700000 0.351351 0.018868 0.054054
4 0.610377 0.506006 0.039623 0.177177
4 0.536792 0.493994 0.032075 0.165165
4 0.554717 0.498498 0.026415 0.162162
4 0.355660 0.436937 0.024528 0.093093
4 0.318868 0.447447 0.022642 0.102102
4 0.306604 0.447447 0.020755 0.084084
4 0.216981 0.475976 0.022642 0.123123
4 0.183019 0.506006 0.030189 0.147147
4 0.204717 0.490991 0.024528 0.117117
4 0.166038 0.510511 0.037736 0.156156
4 0.144340 0.512012 0.032075 0.159159
4 0.118868 0.510511 0.037736 0.162162
4 0.105660 0.509009 0.022642 0.147147
4 0.077358 0.512012 0.033962 0.153153
4 0.020755 0.531532 0.033962 0.156156
4 0.038679 0.430931 0.024528 0.099099
4 0.192453 0.445946 0.022642 0.099099
2 0.596226 0.626126 0.196226 0.225225
2 0.783962 0.597598 0.149057 0.204204
2 0.874528 0.566066 0.126415 0.207207
2 0.842453 0.507508 0.107547 0.144144
2 0.902830 0.475976 0.103774 0.177177
2 0.959434 0.456456 0.062264 0.108108
2 0.910377 0.415916 0.069811 0.117117
2 0.913208 0.397898 0.064151 0.111111
2 0.912264 0.354354 0.035849 0.054054
1 0.894340 0.319820 0.056604 0.099099
2 0.654717 0.536036 0.173585 0.159159
2 0.722642 0.500000 0.098113 0.111111
2 0.624528 0.480480 0.098113 0.120120
2 0.559434 0.423423 0.062264 0.096096
1 0.646226 0.351351 0.092453 0.168168
2 0.262264 0.587087 0.196226 0.297297
2 0.083019 0.600601 0.162264 0.246246
2 0.050000 0.540541 0.096226 0.168168
2 0.049057 0.489489 0.094340 0.162162
2 0.253774 0.478979 0.073585 0.111111
2 0.399057 0.498498 0.115094 0.132132
2 0.226415 0.444444 0.083019 0.102102
2 0.355660 0.424925 0.073585 0.105105
1 0.452830 0.402402 0.116981 0.186186
1 0.519811 0.357357 0.062264 0.132132
1 0.341509 0.370871 0.090566 0.117117
1 0.261321 0.384384 0.073585 0.126126
1 0.290566 0.373874 0.079245 0.129129
1 0.203774 0.384384 0.083019 0.168168
1 0.138679 0.412913 0.122642 0.225225
