4 0.962500 0.692434 0.017000 0.082237
0 0.962000 0.710526 0.018000 0.059211
4 0.936500 0.671053 0.017000 0.065789
0 0.935000 0.690789 0.016000 0.062500
2 0.714000 0.807566 0.092000 0.115132
2 0.718000 0.735197 0.066000 0.108553
2 0.819500 0.746711 0.083000 0.144737
2 0.770000 0.702303 0.058000 0.075658
2 0.684000 0.689145 0.062000 0.088816
2 0.661000 0.574836 0.032000 0.054276
2 0.650000 0.559211 0.030000 0.039474
1 0.678000 0.524671 0.036000 0.072368
2 0.604000 0.883224 0.098000 0.131579
2 0.587500 0.724507 0.069000 0.100329
2 0.599500 0.671875 0.053000 0.080592
2 0.553000 0.621711 0.042000 0.059211
2 0.569500 0.573191 0.037000 0.044408
2 0.596500 0.539474 0.031000 0.042763
2 0.553000 0.539474 0.028000 0.036184
2 0.551500 0.515625 0.019000 0.031250
2 0.512500 0.511513 0.021000 0.032895
2 0.420000 0.884046 0.108000 0.205592
2 0.449000 0.732730 0.060000 0.097039
2 0.466000 0.664474 0.058000 0.085526
2 0.473000 0.610197 0.042000 0.062500
2 0.465500 0.576480 0.037000 0.044408
2 0.464000 0.548520 0.030000 0.041118
2 0.406000 0.560033 0.030000 0.041118
2 0.429500 0.582237 0.043000 0.059211
2 0.417000 0.643092 0.048000 0.065789
2 0.369000 0.657895 0.062000 0.105263
1 0.339500 0.569901 0.091000 0.126645
2 0.294000 0.662829 0.054000 0.075658
2 0.316000 0.716283 0.066000 0.093750
2 0.207000 0.795230 0.094000 0.139803
2 0.174500 0.947368 0.121000 0.105263
2 0.086000 0.940789 0.130000 0.118421
4 0.026500 0.885691 0.039000 0.110197
3 0.026500 0.921053 0.039000 0.115132
4 0.013000 0.845395 0.024000 0.088816
0 0.012500 0.888980 0.023000 0.090461
4 0.058000 0.831414 0.034000 0.100329
3 0.056000 0.856086 0.038000 0.087171
4 0.094000 0.828947 0.036000 0.098684
3 0.095500 0.847039 0.041000 0.095395
4 0.133500 0.760691 0.027000 0.077303
3 0.133500 0.782072 0.027000 0.083882
4 0.135500 0.700658 0.025000 0.069079
3 0.134500 0.722039 0.027000 0.055921
1 0.020000 0.731086 0.038000 0.202303
4 0.061000 0.694901 0.022000 0.074013
3 0.061000 0.712171 0.022000 0.052632
4 0.082000 0.675164 0.018000 0.074013
3 0.081000 0.687500 0.020000 0.055921
4 0.132000 0.667763 0.022000 0.059211
4 0.160000 0.664474 0.020000 0.069079
3 0.160000 0.679276 0.020000 0.049342
4 0.123500 0.638158 0.015000 0.065789
4 0.205000 0.650493 0.020000 0.064145
3 0.204500 0.665296 0.019000 0.044408
4 0.252000 0.604441 0.014000 0.050987
3 0.251500 0.615132 0.015000 0.039474
4 0.044000 0.574836 0.014000 0.057566
4 0.007000 0.610197 0.012000 0.059211
