4 0.320000 0.572072 0.172000 0.549550
3 0.320000 0.717718 0.184000 0.420420
4 0.725000 0.424925 0.110000 0.315315
3 0.726000 0.453453 0.108000 0.300300
4 0.875000 0.423423 0.090000 0.312312
0 0.876000 0.486486 0.088000 0.258258
4 0.798000 0.327327 0.056000 0.198198
4 0.748000 0.349850 0.084000 0.213213
4 0.631000 0.346847 0.038000 0.147147
4 0.564000 0.363363 0.040000 0.126126
4 0.522000 0.351351 0.064000 0.144144
3 0.523000 0.382883 0.062000 0.123123
4 0.443000 0.364865 0.042000 0.111111
4 0.408000 0.360360 0.036000 0.120120
