2 0.802575 0.811012 0.383405 0.377976
2 0.330472 0.705357 0.517883 0.589286
4 0.620172 0.663690 0.113019 0.648810
4 0.673104 0.659226 0.110157 0.616071
4 0.706009 0.653274 0.101574 0.627976
2 0.861946 0.650298 0.276109 0.473214
2 0.529328 0.619048 0.303290 0.458333
2 0.866237 0.552083 0.267525 0.360119
2 0.381259 0.495536 0.238913 0.312500
4 0.048641 0.471726 0.054363 0.258929
4 0.132332 0.467262 0.050072 0.261905
4 0.206009 0.431548 0.028612 0.202381
4 0.236767 0.437500 0.038627 0.196429
2 0.049356 0.462798 0.095851 0.199405
2 0.048641 0.410714 0.082976 0.136905
2 0.171674 0.440476 0.074392 0.166667
2 0.602289 0.471726 0.194564 0.270833
2 0.484979 0.438988 0.123033 0.223214
