2 0.553314 0.896084 0.126801 0.105422
2 0.564841 0.834337 0.103746 0.090361
2 0.559078 0.786145 0.109510 0.096386
2 0.345821 0.920181 0.121037 0.117470
2 0.406340 0.885542 0.097983 0.096386
2 0.422190 0.832831 0.112392 0.099398
2 0.145533 0.900602 0.112392 0.102410
2 0.259366 0.868976 0.103746 0.093373
2 0.266571 0.807229 0.083573 0.078313
2 0.115274 0.780120 0.086455 0.072289
2 0.445245 0.674699 0.072046 0.078313
2 0.364553 0.974398 0.152738 0.051205
4 0.661383 0.823795 0.031700 0.099398
4 0.690202 0.828313 0.025937 0.084337
2 0.224784 0.683735 0.063401 0.066265
2 0.198847 0.701807 0.080692 0.060241
2 0.815562 0.777108 0.086455 0.078313
2 0.752161 0.671687 0.069164 0.072289
2 0.968300 0.810241 0.057637 0.090361
2 0.955331 0.748494 0.077810 0.069277
2 0.597983 0.566265 0.048991 0.048193
2 0.665706 0.590361 0.051873 0.048193
2 0.430836 0.582831 0.048991 0.045181
1 0.047550 0.893072 0.089337 0.207831
