2 0.822517 0.702415 0.108609 0.112216
2 0.765563 0.566051 0.066225 0.061080
2 0.883444 0.568892 0.103311 0.109375
2 0.811921 0.511364 0.042384 0.039773
2 0.878808 0.504972 0.049007 0.035511
2 0.727152 0.492898 0.039735 0.039773
2 0.776159 0.485795 0.037086 0.034091
2 0.759603 0.460227 0.033113 0.028409
2 0.717881 0.464489 0.029139 0.025568
2 0.700000 0.441051 0.017219 0.024148
2 0.733775 0.443182 0.026490 0.019886
2 0.773510 0.443182 0.023841 0.022727
2 0.749007 0.433949 0.022517 0.018466
2 0.725166 0.428267 0.022517 0.021307
1 0.891391 0.416193 0.047682 0.036932
2 0.932450 0.460938 0.039735 0.026989
2 0.944371 0.433949 0.015894 0.018466
2 0.821192 0.402699 0.021192 0.015625
2 0.412583 0.921165 0.221192 0.157670
2 0.307947 0.775568 0.178808 0.178977
1 0.123841 0.776989 0.245033 0.363636
2 0.417881 0.607244 0.083444 0.086648
2 0.592715 0.585938 0.075497 0.069602
2 0.532450 0.529119 0.050331 0.046875
2 0.474172 0.515625 0.050331 0.051136
2 0.617881 0.497159 0.038411 0.034091
2 0.560927 0.490767 0.038411 0.035511
2 0.534437 0.468750 0.035762 0.034091
2 0.592053 0.463778 0.026490 0.024148
2 0.623179 0.468750 0.033113 0.025568
1 0.546358 0.453125 0.033113 0.034091
2 0.568874 0.448153 0.022517 0.024148
2 0.606623 0.446023 0.021192 0.022727
2 0.639073 0.446023 0.022517 0.025568
2 0.616556 0.435369 0.017219 0.015625
2 0.590066 0.436790 0.014570 0.018466
2 0.601325 0.431818 0.015894 0.014205
2 0.029139 0.524858 0.045033 0.044034
1 0.314570 0.448153 0.072848 0.055398
1 0.381457 0.463068 0.079470 0.073864
4 0.086093 0.508523 0.015894 0.036932
4 0.051656 0.482244 0.021192 0.035511
4 0.129139 0.465199 0.011921 0.024148
4 0.138411 0.465199 0.011921 0.021307
2 0.986093 0.463068 0.027815 0.031250
