2 0.606452 0.891499 0.154839 0.212528
2 0.372581 0.724832 0.109677 0.210291
2 0.460484 0.524609 0.062903 0.087248
2 0.503226 0.461969 0.048387 0.064877
2 0.336290 0.446309 0.046774 0.060403
2 0.335484 0.385906 0.038710 0.046980
2 0.428226 0.394855 0.037097 0.046980
2 0.371774 0.368009 0.033871 0.042506
2 0.421774 0.361298 0.033871 0.038031
2 0.462097 0.362416 0.030645 0.035794
2 0.439516 0.331096 0.027419 0.031320
2 0.379839 0.341163 0.024194 0.033557
2 0.402419 0.314318 0.024194 0.029083
2 0.070968 0.406040 0.048387 0.051454
2 0.155645 0.353468 0.040323 0.044743
2 0.162097 0.304251 0.033871 0.026846
2 0.217742 0.304251 0.025806 0.026846
2 0.906452 0.774049 0.164516 0.161074
2 0.710484 0.491051 0.062903 0.060403
1 0.829839 0.465324 0.191935 0.205817
2 0.648387 0.393736 0.038710 0.049217
2 0.580645 0.369128 0.032258 0.035794
2 0.525806 0.355705 0.029032 0.035794
2 0.617742 0.347875 0.032258 0.029083
2 0.571774 0.338926 0.030645 0.033557
2 0.525000 0.328859 0.020968 0.026846
2 0.548387 0.323266 0.022581 0.029083
2 0.979032 0.714765 0.041935 0.136465
2 0.973387 0.406040 0.043548 0.042506
2 0.901613 0.376957 0.045161 0.038031
2 0.746774 0.326622 0.032258 0.031320
2 0.695968 0.324385 0.027419 0.026846
