1 0.937805 0.580392 0.124390 0.266667
2 0.845122 0.519608 0.060976 0.098039
2 0.757317 0.447059 0.051220 0.078431
2 0.786585 0.401961 0.036585 0.058824
2 0.704878 0.384314 0.043902 0.070588
2 0.668293 0.923529 0.126829 0.152941
2 0.651220 0.809804 0.117073 0.152941
2 0.776829 0.733333 0.109756 0.156863
2 0.630488 0.684314 0.090244 0.129412
2 0.570732 0.586275 0.087805 0.129412
2 0.681707 0.566667 0.090244 0.105882
2 0.546341 0.513725 0.068293 0.094118
2 0.520732 0.447059 0.056098 0.078431
2 0.607317 0.441176 0.063415 0.090196
2 0.506098 0.396078 0.051220 0.070588
2 0.581707 0.372549 0.051220 0.062745
2 0.567073 0.337255 0.046341 0.062745
2 0.547561 0.300000 0.041463 0.058824
2 0.491463 0.331373 0.046341 0.066667
2 0.482927 0.300000 0.034146 0.050980
2 0.525610 0.276471 0.036585 0.050980
2 0.475610 0.272549 0.034146 0.043137
2 0.487805 0.921569 0.117073 0.156863
2 0.486585 0.784314 0.104878 0.149020
2 0.452439 0.656863 0.095122 0.137255
2 0.451220 0.558824 0.073171 0.090196
2 0.430488 0.470588 0.065854 0.101961
1 0.426829 0.382353 0.053659 0.113725
2 0.426829 0.317647 0.043902 0.062745
2 0.410976 0.303922 0.036585 0.058824
2 0.425610 0.276471 0.041463 0.058824
2 0.309756 0.888235 0.126829 0.223529
2 0.320732 0.678431 0.085366 0.125490
2 0.347561 0.552941 0.070732 0.101961
2 0.342683 0.480392 0.065854 0.090196
2 0.340244 0.427451 0.060976 0.078431
2 0.351220 0.372549 0.048780 0.062745
2 0.354878 0.298039 0.041463 0.054902
2 0.362195 0.241176 0.031707 0.043137
2 0.059756 0.764706 0.114634 0.203922
2 0.146341 0.578431 0.078049 0.121569
2 0.128049 0.464706 0.070732 0.098039
2 0.015854 0.450980 0.026829 0.086275
2 0.145122 0.362745 0.056098 0.090196
2 0.126829 0.272549 0.039024 0.066667
2 0.217073 0.260784 0.039024 0.058824
