2 0.825000 0.850534 0.126596 0.170819
2 0.626064 0.841637 0.071277 0.092527
2 0.659043 0.834520 0.030851 0.056940
2 0.764894 0.847865 0.042553 0.076512
2 0.729255 0.841637 0.043617 0.056940
2 0.677128 0.827402 0.018085 0.032028
1 0.721809 0.810498 0.035106 0.069395
2 0.905319 0.838968 0.036170 0.051601
2 0.962766 0.814057 0.027660 0.044484
1 0.030851 0.774911 0.059574 0.087189
2 0.169681 0.824733 0.115957 0.080071
2 0.217021 0.799822 0.072340 0.069395
1 0.242021 0.785587 0.103191 0.080071
2 0.454787 0.819395 0.026596 0.044484
2 0.359043 0.817616 0.037234 0.048043
