2 0.197581 0.695864 0.391935 0.486618
4 0.278226 0.672749 0.082258 0.430657
4 0.342742 0.672749 0.069355 0.367397
2 0.482258 0.607056 0.209677 0.236010
4 0.552419 0.610706 0.037097 0.218978
4 0.574194 0.610706 0.029032 0.199513
2 0.618548 0.588808 0.095161 0.131387
4 0.650806 0.585158 0.024194 0.138686
4 0.669355 0.581509 0.022581 0.136253
1 0.703226 0.555961 0.070968 0.094891
4 0.738710 0.549878 0.009677 0.058394
4 0.750806 0.551095 0.011290 0.051095
4 0.790323 0.548662 0.009677 0.036496
2 0.791935 0.541363 0.022581 0.031630
