4 0.918333 0.738889 0.023333 0.060000
2 0.485000 0.850000 0.140000 0.113333
2 0.822500 0.598889 0.048333 0.046667
2 0.863333 0.566667 0.036667 0.040000
2 0.818333 0.543333 0.036667 0.028889
2 0.713333 0.623333 0.056667 0.046667
2 0.522500 0.738889 0.101667 0.086667
2 0.200000 0.916667 0.196667 0.131111
2 0.229167 0.707778 0.101667 0.073333
1 0.142500 0.651111 0.261667 0.160000
2 0.474167 0.642222 0.078333 0.053333
2 0.511667 0.588889 0.060000 0.053333
2 0.625000 0.566667 0.050000 0.035556
2 0.715833 0.552222 0.041667 0.037778
2 0.779167 0.528889 0.028333 0.026667
