2 0.505797 0.605809 0.086957 0.153527
2 0.620290 0.584025 0.098551 0.122407
2 0.663043 0.528008 0.085507 0.097510
2 0.736232 0.490664 0.078261 0.080913
2 0.269565 0.468880 0.057971 0.074689
2 0.454348 0.441909 0.042029 0.062241
2 0.380435 0.384855 0.030435 0.047718
2 0.432609 0.373444 0.030435 0.041494
2 0.386957 0.362033 0.026087 0.035270
2 0.427536 0.308091 0.023188 0.035270
2 0.452174 0.326763 0.023188 0.031120
2 0.408696 0.320539 0.020290 0.035270
2 0.581884 0.341286 0.024638 0.026971
2 0.569565 0.315353 0.023188 0.024896
4 0.235507 0.450207 0.018841 0.045643
4 0.303623 0.476141 0.018841 0.060166
