4 0.851881 0.796816 0.105016 0.267790
0 0.859718 0.865169 0.089342 0.217228
4 0.450627 0.789326 0.057994 0.151685
3 0.450627 0.822097 0.057994 0.108614
4 0.179467 0.794007 0.057994 0.131086
3 0.179467 0.818352 0.061129 0.116105
4 0.369122 0.778090 0.042320 0.088015
3 0.373041 0.801498 0.043887 0.078652
4 0.250784 0.781835 0.047022 0.106742
3 0.253135 0.810861 0.045455 0.097378
4 0.292320 0.779026 0.048589 0.093633
3 0.293103 0.805243 0.047022 0.074906
4 0.063480 0.786517 0.042320 0.093633
3 0.061912 0.809925 0.042320 0.084270
4 0.119122 0.781835 0.037618 0.080524
3 0.119122 0.806180 0.037618 0.076779
2 0.488245 0.780899 0.105016 0.089888
4 0.557994 0.768727 0.031348 0.106742
2 0.420846 0.767790 0.064263 0.071161
2 0.346395 0.777154 0.068966 0.074906
1 0.192790 0.734082 0.065831 0.071161
1 0.541536 0.732210 0.164577 0.123596
1 0.413009 0.717228 0.095611 0.086142
2 0.695925 0.761236 0.075235 0.058052
2 0.789969 0.760300 0.062696 0.063670
2 0.911442 0.755618 0.064263 0.061798
2 0.968652 0.757491 0.050157 0.058052
2 0.633229 0.744382 0.047022 0.046816
1 0.958464 0.710674 0.083072 0.076779
