2 0.782710 0.909000 0.147975 0.182000
2 0.704050 0.867000 0.096573 0.142000
2 0.969626 0.931000 0.060748 0.138000
2 0.774922 0.739000 0.107477 0.142000
2 0.890966 0.717000 0.096573 0.106000
2 0.686916 0.652000 0.084112 0.096000
2 0.813084 0.621000 0.080997 0.090000
2 0.774922 0.536000 0.073209 0.092000
2 0.958723 0.571000 0.082555 0.094000
2 0.953271 0.483000 0.065421 0.062000
1 0.664330 0.451000 0.063863 0.114000
2 0.725078 0.456000 0.057632 0.060000
2 0.837227 0.442000 0.060748 0.060000
2 0.813863 0.390000 0.045171 0.048000
2 0.738318 0.389000 0.037383 0.038000
2 0.640187 0.451000 0.049844 0.058000
2 0.630062 0.406000 0.042056 0.064000
2 0.684579 0.384000 0.032710 0.048000
2 0.452492 0.750000 0.101246 0.124000
1 0.091121 0.697000 0.135514 0.194000
2 0.276480 0.580000 0.054517 0.048000
2 0.485202 0.577000 0.045171 0.046000
1 0.407321 0.513000 0.057632 0.070000
2 0.422118 0.532000 0.037383 0.036000
2 0.524922 0.530000 0.040498 0.052000
4 0.339564 0.563000 0.021807 0.050000
4 0.312305 0.586000 0.014019 0.040000
2 0.190810 0.563000 0.070093 0.042000
