2 0.839130 0.826886 0.046377 0.048356
2 0.638406 0.869439 0.053623 0.059961
2 0.580435 0.794971 0.042029 0.042553
2 0.562319 0.762089 0.031884 0.038685
2 0.646377 0.776596 0.040580 0.036750
4 0.698551 0.743714 0.008696 0.029014
3 0.696377 0.750484 0.018841 0.019342
2 0.629710 0.733075 0.024638 0.027079
2 0.605072 0.717602 0.024638 0.023211
2 0.572464 0.715667 0.020290 0.023211
2 0.555072 0.727273 0.023188 0.027079
2 0.536232 0.710832 0.020290 0.021277
2 0.587681 0.704062 0.015942 0.019342
2 0.553623 0.696325 0.017391 0.019342
2 0.547826 0.684720 0.014493 0.019342
2 0.526087 0.690522 0.014493 0.019342
2 0.387681 0.917795 0.065217 0.083172
2 0.250725 0.838491 0.055072 0.059961
2 0.352899 0.795938 0.039130 0.044487
2 0.465217 0.709865 0.020290 0.019342
2 0.468841 0.686654 0.013043 0.015474
2 0.450725 0.679884 0.014493 0.013540
1 0.455797 0.660542 0.010145 0.017408
2 0.470290 0.673114 0.013043 0.019342
2 0.434058 0.668279 0.010145 0.013540
