2 0.772917 0.936330 0.141667 0.119850
1 0.635417 0.911985 0.150000 0.176030
2 0.450000 0.968165 0.083333 0.063670
1 0.307292 0.897004 0.097917 0.205993
2 0.441667 0.913858 0.079167 0.112360
2 0.357292 0.810861 0.060417 0.093633
2 0.470833 0.808989 0.066667 0.112360
2 0.616667 0.814607 0.070833 0.101124
2 0.366667 0.741573 0.058333 0.112360
2 0.482292 0.734082 0.060417 0.097378
2 0.606250 0.750936 0.054167 0.093633
2 0.369792 0.655431 0.047917 0.074906
2 0.393750 0.617978 0.050000 0.097378
2 0.477083 0.683521 0.045833 0.078652
2 0.567708 0.681648 0.043750 0.074906
2 0.627083 0.632959 0.050000 0.074906
2 0.484375 0.604869 0.047917 0.086142
2 0.578125 0.608614 0.047917 0.071161
2 0.422917 0.588015 0.041667 0.074906
2 0.036458 0.728464 0.056250 0.108614
1 0.221875 0.529963 0.056250 0.116105
2 0.272917 0.539326 0.033333 0.044944
1 0.708333 0.282772 0.287500 0.146067
2 0.932292 0.312734 0.081250 0.078652
1 0.387500 0.294007 0.329167 0.123596
1 0.097917 0.292135 0.191667 0.104869
