2 0.456693 0.909548 0.194226 0.175879
2 0.385827 0.876884 0.167979 0.150754
2 0.572178 0.756281 0.157480 0.115578
2 0.561680 0.692211 0.141732 0.103015
2 0.547244 0.634422 0.118110 0.087940
2 0.648294 0.596734 0.094488 0.077889
2 0.691601 0.535176 0.081365 0.090452
2 0.713911 0.502513 0.068241 0.065327
2 0.729659 0.463568 0.073491 0.067839
2 0.745407 0.419598 0.068241 0.065327
2 0.216535 0.741206 0.165354 0.115578
2 0.341207 0.673367 0.131234 0.100503
2 0.383202 0.620603 0.115486 0.085427
2 0.460630 0.587940 0.097113 0.070352
2 0.494751 0.554020 0.097113 0.082915
2 0.522310 0.517588 0.094488 0.080402
2 0.593176 0.487437 0.083990 0.055276
2 0.583990 0.440955 0.060367 0.067839
2 0.631234 0.435930 0.060367 0.062814
2 0.654856 0.410804 0.060367 0.047739
2 0.660105 0.389447 0.055118 0.045226
2 0.683727 0.384422 0.039370 0.050251
2 0.771654 0.405779 0.041995 0.047739
2 0.716535 0.376884 0.047244 0.035176
2 0.778215 0.388191 0.049869 0.047739
2 0.245407 0.974874 0.202100 0.050251
2 0.081365 0.879397 0.157480 0.140704
2 0.036745 0.939698 0.068241 0.120603
2 0.080052 0.672111 0.144357 0.103015
2 0.198163 0.616834 0.128609 0.103015
2 0.248031 0.574121 0.107612 0.097990
2 0.332021 0.548995 0.097113 0.067839
2 0.329396 0.516332 0.086614 0.062814
2 0.388451 0.502513 0.078740 0.065327
2 0.068241 0.582915 0.125984 0.095477
2 0.123360 0.547739 0.099738 0.075377
2 0.186352 0.513819 0.089239 0.072864
2 0.241470 0.487437 0.099738 0.085427
2 0.305774 0.467337 0.065617 0.055276
2 0.360892 0.437186 0.065617 0.060302
2 0.396325 0.432161 0.052493 0.050251
2 0.468504 0.458543 0.060367 0.052764
2 0.482940 0.473618 0.073491 0.052764
2 0.413386 0.418342 0.060367 0.052764
2 0.507874 0.429648 0.060367 0.060302
2 0.450131 0.404523 0.049869 0.040201
2 0.526247 0.408291 0.055118 0.047739
2 0.569554 0.391960 0.047244 0.035176
2 0.581365 0.386935 0.044619 0.035176
2 0.971129 0.883166 0.057743 0.092965
2 0.972441 0.793970 0.055118 0.120603
2 0.961942 0.743719 0.076115 0.125628
2 0.977690 0.699749 0.044619 0.072864
2 0.967192 0.664573 0.065617 0.077889
2 0.964567 0.640704 0.070866 0.080402
2 0.958005 0.614322 0.073491 0.067839
2 0.963255 0.584171 0.073491 0.047739
2 0.958005 0.557789 0.062992 0.040201
2 0.951444 0.527638 0.065617 0.020101
2 0.946194 0.493719 0.060367 0.042714
2 0.940945 0.467337 0.044619 0.045226
1 0.931759 0.424623 0.052493 0.040201
2 0.980315 0.417085 0.039370 0.030151
2 0.022310 0.427136 0.039370 0.055276
2 0.132546 0.433417 0.070866 0.042714
2 0.081365 0.386935 0.062992 0.040201
2 0.162730 0.413317 0.068241 0.047739
2 0.241470 0.402010 0.068241 0.040201
2 0.141732 0.359296 0.057743 0.035176
2 0.186352 0.364322 0.057743 0.030151
2 0.190289 0.346734 0.049869 0.030151
2 0.269029 0.364322 0.055118 0.035176
2 0.320210 0.353015 0.047244 0.037688
2 0.356955 0.366834 0.047244 0.035176
2 0.307087 0.330402 0.041995 0.027638
2 0.383202 0.324121 0.036745 0.030151
2 0.419948 0.322864 0.047244 0.032663
2 0.408136 0.351759 0.049869 0.025126
2 0.665354 0.341709 0.039370 0.035176
4 0.896325 0.564070 0.028871 0.077889
