2 0.985000 0.848633 0.030000 0.056641
2 0.867222 0.837891 0.054444 0.050781
2 0.793333 0.876953 0.157778 0.164062
2 0.696111 0.913086 0.214444 0.173828
4 0.680000 0.827148 0.008889 0.044922
2 0.645000 0.836914 0.038889 0.048828
2 0.581111 0.853516 0.084444 0.132812
1 0.526111 0.827148 0.054444 0.111328
2 0.496111 0.842773 0.021111 0.044922
2 0.476667 0.836914 0.028889 0.044922
2 0.463333 0.833008 0.024444 0.037109
2 0.433889 0.817383 0.010000 0.013672
4 0.389444 0.838867 0.012222 0.060547
2 0.365556 0.837891 0.026667 0.042969
4 0.344444 0.846680 0.026667 0.076172
3 0.345000 0.875977 0.027778 0.068359
4 0.297222 0.845703 0.016667 0.082031
4 0.278333 0.875000 0.052222 0.140625
3 0.276667 0.899414 0.055556 0.123047
4 0.196111 0.890625 0.047778 0.199219
4 0.096667 0.852539 0.035556 0.126953
