4 0.672727 0.738983 0.054545 0.311864
4 0.556364 0.738983 0.047273 0.291525
4 0.370909 0.725424 0.043636 0.250847
4 0.292727 0.735593 0.054545 0.250847
4 0.249091 0.740678 0.058182 0.254237
4 0.091818 0.757627 0.041818 0.261017
4 0.063636 0.725424 0.043636 0.257627
4 0.897273 0.720339 0.052727 0.267797
2 0.838182 0.754237 0.236364 0.247458
1 0.409091 0.594915 0.272727 0.450847
2 0.291818 0.703390 0.325455 0.247458
2 0.045455 0.693220 0.061818 0.132203
2 0.663636 0.693220 0.101818 0.111864
2 0.935455 0.706780 0.125455 0.118644
