2 0.864493 0.806522 0.160870 0.182609
1 0.900000 0.582609 0.200000 0.378261
2 0.897101 0.383696 0.060870 0.063043
2 0.859420 0.342391 0.043478 0.045652
2 0.815217 0.343478 0.042029 0.052174
2 0.823188 0.327174 0.028986 0.036957
2 0.794203 0.325000 0.028986 0.041304
2 0.765942 0.330435 0.033333 0.039130
2 0.772464 0.316304 0.028986 0.032609
2 0.761594 0.309783 0.024638 0.036957
2 0.733333 0.308696 0.023188 0.030435
2 0.712319 0.303261 0.015942 0.019565
2 0.786957 0.491304 0.063768 0.086957
2 0.760870 0.455435 0.060870 0.076087
2 0.714493 0.407609 0.057971 0.071739
2 0.696377 0.384783 0.042029 0.056522
2 0.686232 0.366304 0.042029 0.050000
1 0.663768 0.313043 0.066667 0.117391
2 0.711594 0.536957 0.089855 0.100000
2 0.663768 0.464130 0.069565 0.080435
2 0.639855 0.428261 0.056522 0.078261
2 0.633333 0.401087 0.040580 0.045652
2 0.625362 0.390217 0.042029 0.054348
2 0.610870 0.370652 0.039130 0.050000
1 0.602174 0.321739 0.065217 0.108696
2 0.568841 0.320652 0.024638 0.041304
2 0.560870 0.315217 0.020290 0.043478
2 0.552899 0.305435 0.024638 0.036957
1 0.576087 0.285870 0.033333 0.054348
2 0.646377 0.754348 0.142029 0.200000
2 0.593478 0.559783 0.088406 0.106522
2 0.565217 0.467391 0.066667 0.082609
2 0.551449 0.429348 0.056522 0.067391
2 0.554348 0.389130 0.047826 0.052174
2 0.543478 0.371739 0.043478 0.052174
2 0.537681 0.352174 0.043478 0.052174
2 0.531884 0.334783 0.028986 0.034783
2 0.523913 0.322826 0.030435 0.045652
2 0.521014 0.306522 0.021739 0.030435
2 0.514493 0.294565 0.020290 0.032609
2 0.339130 0.855435 0.179710 0.289130
2 0.401449 0.623913 0.098551 0.134783
2 0.421739 0.496739 0.072464 0.093478
2 0.442754 0.410870 0.053623 0.069565
2 0.453623 0.363043 0.040580 0.047826
2 0.462319 0.342391 0.034783 0.045652
2 0.471014 0.314130 0.031884 0.036957
2 0.476087 0.295652 0.018841 0.026087
2 0.123913 0.876087 0.178261 0.247826
2 0.273913 0.581522 0.089855 0.123913
2 0.331884 0.453261 0.063768 0.084783
2 0.381159 0.377174 0.049275 0.054348
2 0.384783 0.352174 0.039130 0.043478
2 0.407246 0.339130 0.037681 0.047826
2 0.422464 0.328261 0.027536 0.034783
2 0.424638 0.319565 0.020290 0.030435
2 0.431159 0.311957 0.021739 0.028261
2 0.062319 0.657609 0.121739 0.145652
2 0.189130 0.510870 0.082609 0.100000
2 0.252174 0.423913 0.066667 0.086957
2 0.313768 0.375000 0.047826 0.058696
1 0.367391 0.298913 0.050725 0.080435
2 0.396377 0.309783 0.021739 0.028261
2 0.121739 0.369565 0.055072 0.065217
4 0.142754 0.323913 0.010145 0.030435
3 0.143478 0.334783 0.011594 0.026087
2 0.238406 0.327174 0.036232 0.041304
2 0.278986 0.317391 0.027536 0.030435
2 0.281884 0.306522 0.024638 0.030435
2 0.293478 0.297826 0.021739 0.026087
2 0.243478 0.305435 0.026087 0.028261
2 0.196377 0.311957 0.039130 0.036957
