2 0.697500 0.830909 0.220000 0.214545
2 0.793750 0.760000 0.162500 0.138182
2 0.986250 0.736364 0.027500 0.047273
2 0.870000 0.725455 0.055000 0.047273
2 0.580000 0.743636 0.085000 0.112727
2 0.632500 0.709091 0.065000 0.065455
1 0.526250 0.720000 0.057500 0.094545
4 0.197500 0.772727 0.050000 0.163636
4 0.277500 0.760000 0.055000 0.116364
3 0.277500 0.785455 0.055000 0.116364
4 0.345000 0.736364 0.030000 0.069091
3 0.345000 0.760000 0.030000 0.058182
4 0.296250 0.736364 0.022500 0.076364
4 0.097500 0.740000 0.040000 0.105455
