2 0.517956 0.858040 0.129834 0.123116
2 0.683702 0.842965 0.146409 0.118090
2 0.803867 0.810302 0.116022 0.087940
2 0.642265 0.726131 0.091160 0.080402
2 0.475138 0.698492 0.066298 0.075377
2 0.686464 0.683417 0.091160 0.060302
2 0.627072 0.636935 0.066298 0.047739
2 0.544199 0.633166 0.055249 0.040201
2 0.469613 0.649497 0.049724 0.047739
2 0.455801 0.614322 0.044199 0.037688
2 0.512431 0.596734 0.041436 0.032663
2 0.591160 0.605528 0.049724 0.035176
2 0.562155 0.585427 0.041436 0.030151
2 0.446133 0.584171 0.035912 0.032663
2 0.506906 0.577889 0.035912 0.025126
2 0.578729 0.551508 0.030387 0.027638
2 0.553867 0.570352 0.035912 0.025126
2 0.527624 0.547739 0.033149 0.025126
2 0.955801 0.692211 0.088398 0.052764
2 0.122928 0.716080 0.102210 0.075377
2 0.301105 0.645729 0.060773 0.050251
2 0.240331 0.605528 0.055249 0.040201
2 0.360497 0.556533 0.030387 0.027638
2 0.319061 0.554020 0.030387 0.027638
2 0.040055 0.556533 0.041436 0.027638
2 0.024862 0.548995 0.033149 0.027638
2 0.328729 0.523869 0.022099 0.017588
2 0.379834 0.526382 0.024862 0.022613
2 0.488950 0.550251 0.027624 0.025126
