2 0.972000 0.789541 0.056000 0.099490
2 0.978000 0.753827 0.044000 0.068878
2 0.934000 0.752551 0.048000 0.056122
2 0.899000 0.747449 0.042000 0.045918
2 0.784000 0.747449 0.048000 0.051020
2 0.729000 0.752551 0.042000 0.051020
2 0.645000 0.750000 0.042000 0.051020
2 0.421000 0.755102 0.066000 0.071429
2 0.397000 0.747449 0.050000 0.066327
2 0.352000 0.761480 0.088000 0.079082
2 0.281000 0.767857 0.074000 0.081633
2 0.217000 0.769133 0.102000 0.089286
2 0.138000 0.771684 0.096000 0.099490
2 0.053000 0.769133 0.102000 0.130102
2 0.110000 0.755102 0.080000 0.096939
4 0.825000 0.829082 0.066000 0.178571
4 0.709000 0.826531 0.050000 0.183673
4 0.672000 0.827806 0.064000 0.221939
4 0.634000 0.815051 0.048000 0.140306
4 0.619000 0.822704 0.070000 0.186224
4 0.597000 0.809949 0.046000 0.196429
4 0.565000 0.820153 0.082000 0.196429
4 0.505000 0.809949 0.042000 0.181122
4 0.492000 0.806122 0.036000 0.188776
4 0.364000 0.815051 0.080000 0.181122
