2 0.856415 0.977459 0.107943 0.045082
2 0.877800 0.952869 0.114053 0.094262
1 0.960285 0.850410 0.071283 0.299180
1 0.781059 0.790984 0.185336 0.377049
1 0.900204 0.784836 0.114053 0.282787
1 0.811609 0.643443 0.095723 0.204918
2 0.761711 0.631148 0.057026 0.114754
1 0.695519 0.665984 0.116090 0.299180
2 0.658859 0.670082 0.063136 0.135246
2 0.750509 0.590164 0.046843 0.114754
2 0.708758 0.532787 0.052953 0.073770
2 0.612016 0.586066 0.071283 0.122951
2 0.684318 0.520492 0.065173 0.106557
2 0.665988 0.500000 0.057026 0.106557
2 0.655804 0.471311 0.057026 0.131148
1 0.590631 0.483607 0.101833 0.237705
2 0.542770 0.436475 0.046843 0.094262
2 0.612016 0.370902 0.050916 0.102459
2 0.579430 0.364754 0.038697 0.057377
2 0.563136 0.362705 0.042770 0.086066
1 0.514257 0.342213 0.083503 0.200820
1 0.574338 0.307377 0.061100 0.155738
1 0.610998 0.270492 0.085540 0.180328
1 0.496945 0.297131 0.081466 0.217213
1 0.685336 0.266393 0.042770 0.106557
2 0.463340 0.282787 0.034623 0.106557
2 0.628310 0.973361 0.132383 0.053279
2 0.584521 0.899590 0.105906 0.168033
2 0.564155 0.827869 0.101833 0.172131
2 0.556008 0.747951 0.114053 0.159836
2 0.524440 0.657787 0.091650 0.151639
2 0.500000 0.620902 0.071283 0.110656
2 0.477597 0.551230 0.075356 0.118852
2 0.474542 0.534836 0.073320 0.110656
2 0.438900 0.493852 0.063136 0.094262
2 0.453157 0.459016 0.063136 0.106557
2 0.440937 0.428279 0.054990 0.086066
2 0.423625 0.405738 0.052953 0.081967
2 0.418534 0.366803 0.046843 0.086066
2 0.412424 0.356557 0.050916 0.098361
2 0.434827 0.340164 0.046843 0.073770
2 0.375764 0.319672 0.034623 0.057377
2 0.405295 0.284836 0.036660 0.061475
2 0.405295 0.268443 0.032587 0.053279
2 0.412424 0.250000 0.034623 0.057377
2 0.356415 0.286885 0.032587 0.065574
2 0.371690 0.290984 0.026477 0.057377
1 0.328921 0.223361 0.067210 0.135246
1 0.327902 0.301230 0.057026 0.135246
2 0.292261 0.323770 0.034623 0.073770
2 0.243381 0.297131 0.038697 0.069672
2 0.287169 0.284836 0.036660 0.053279
2 0.330957 0.391393 0.079430 0.143443
1 0.346232 0.448770 0.085540 0.217213
2 0.346232 0.545082 0.065173 0.131148
2 0.367617 0.581967 0.079430 0.114754
1 0.356415 0.653689 0.093686 0.176230
1 0.370672 0.713115 0.109980 0.237705
4 0.419552 0.596311 0.024440 0.102459
3 0.419552 0.622951 0.024440 0.106557
4 0.437882 0.620902 0.028513 0.102459
3 0.438900 0.649590 0.026477 0.094262
2 0.379837 0.889344 0.107943 0.180328
2 0.405295 0.948770 0.126273 0.102459
2 0.089613 0.807377 0.101833 0.147541
2 0.096741 0.733607 0.087576 0.122951
2 0.020367 0.647541 0.036660 0.122951
2 0.125255 0.579918 0.087576 0.159836
2 0.142566 0.524590 0.073320 0.131148
2 0.031568 0.549180 0.059063 0.147541
2 0.054990 0.487705 0.052953 0.090164
2 0.084521 0.438525 0.067210 0.090164
1 0.018330 0.389344 0.032587 0.180328
2 0.076375 0.395492 0.054990 0.094262
2 0.098778 0.354508 0.059063 0.135246
2 0.042770 0.348361 0.036660 0.081967
1 0.035642 0.272541 0.067210 0.143443
2 0.098778 0.303279 0.042770 0.073770
2 0.130346 0.336066 0.040733 0.090164
2 0.148676 0.305328 0.040733 0.069672
2 0.191446 0.313525 0.036660 0.069672
2 0.212831 0.321721 0.042770 0.069672
4 0.168024 0.438525 0.026477 0.081967
3 0.169043 0.461066 0.020367 0.069672
