2 0.938000 0.711940 0.124000 0.576119
2 0.828000 0.770149 0.196000 0.238806
2 0.753000 0.697015 0.122000 0.152239
2 0.665000 0.825373 0.262000 0.325373
4 0.681000 0.640299 0.018000 0.092537
4 0.665000 0.662687 0.022000 0.089552
4 0.634000 0.661194 0.028000 0.104478
4 0.581000 0.677612 0.042000 0.137313
4 0.545000 0.670149 0.022000 0.140299
4 0.468000 0.667164 0.032000 0.146269
4 0.500000 0.635821 0.024000 0.107463
4 0.474000 0.632836 0.024000 0.101493
4 0.454000 0.631343 0.028000 0.104478
4 0.424000 0.655224 0.024000 0.110448
4 0.411000 0.658209 0.014000 0.104478
4 0.382000 0.653731 0.032000 0.113433
4 0.373000 0.655224 0.022000 0.104478
4 0.338000 0.653731 0.028000 0.107463
4 0.310000 0.655224 0.028000 0.110448
4 0.154000 0.662687 0.028000 0.125373
4 0.119000 0.655224 0.030000 0.128358
4 0.068000 0.664179 0.028000 0.122388
2 0.045000 0.662687 0.086000 0.107463
2 0.148000 0.834328 0.292000 0.331343
2 0.271000 0.792537 0.286000 0.319403
2 0.404000 0.743284 0.200000 0.220896
