2 0.839465 0.776609 0.270903 0.169554
2 0.602007 0.888614 0.297659 0.168317
2 0.475753 0.813738 0.249164 0.147277
2 0.737458 0.713490 0.227425 0.142327
2 0.684783 0.666460 0.175585 0.127475
2 0.443980 0.740099 0.229097 0.128713
2 0.615385 0.633663 0.157191 0.096535
2 0.579431 0.594678 0.172241 0.107673
2 0.546823 0.565594 0.150502 0.096535
2 0.339465 0.682550 0.204013 0.122525
2 0.369565 0.628713 0.180602 0.084158
2 0.314381 0.600866 0.173913 0.105198
2 0.291806 0.561881 0.182274 0.111386
2 0.496656 0.532797 0.160535 0.097772
2 0.483278 0.488243 0.127090 0.085396
2 0.247492 0.528465 0.123746 0.106436
2 0.420569 0.498144 0.095318 0.077970
2 0.402174 0.468441 0.098662 0.077970
2 0.219064 0.509282 0.130435 0.085396
2 0.243311 0.480198 0.122074 0.074257
2 0.389632 0.456683 0.117057 0.076733
2 0.374582 0.431931 0.110368 0.064356
2 0.211538 0.458540 0.112040 0.070545
2 0.167224 0.451733 0.103679 0.071782
2 0.207358 0.422649 0.096990 0.055693
2 0.335284 0.410272 0.091973 0.068069
2 0.171405 0.409653 0.102007 0.059406
2 0.332776 0.378713 0.090301 0.054455
2 0.127926 0.402228 0.081940 0.059406
2 0.174749 0.379950 0.085284 0.039604
2 0.284281 0.370050 0.090301 0.059406
2 0.134615 0.362005 0.081940 0.048267
2 0.266722 0.356436 0.078595 0.051980
2 0.039298 0.720297 0.075251 0.128713
2 0.927258 0.452970 0.112040 0.066832
2 0.878763 0.427599 0.135452 0.075495
1 0.724080 0.349010 0.204013 0.121287
