2 0.918500 0.832583 0.161000 0.193694
2 0.992500 0.777778 0.015000 0.108108
2 0.767000 0.711712 0.126000 0.150150
2 0.911000 0.674925 0.124000 0.142643
2 0.957000 0.605105 0.086000 0.141141
2 0.875000 0.626877 0.106000 0.166667
2 0.756500 0.675676 0.107000 0.129129
2 0.666500 0.632883 0.101000 0.109610
2 0.688000 0.608108 0.090000 0.111111
2 0.792000 0.580330 0.092000 0.097598
2 0.892000 0.536036 0.096000 0.087087
2 0.820000 0.491742 0.084000 0.094595
2 0.760000 0.543544 0.100000 0.099099
2 0.812500 0.471471 0.071000 0.093093
2 0.696000 0.500751 0.082000 0.088589
2 0.632500 0.573574 0.089000 0.102102
2 0.595500 0.548048 0.077000 0.087087
2 0.588000 0.508258 0.086000 0.106607
2 0.577500 0.503754 0.071000 0.082583
2 0.552000 0.488739 0.068000 0.082583
2 0.666500 0.472222 0.077000 0.085586
2 0.749000 0.442192 0.072000 0.079580
2 0.639500 0.440691 0.069000 0.079580
2 0.542500 0.462462 0.065000 0.090090
2 0.505500 0.436937 0.061000 0.072072
2 0.489000 0.407658 0.060000 0.076577
2 0.592000 0.415916 0.064000 0.072072
2 0.575000 0.385886 0.062000 0.072072
2 0.556500 0.382883 0.055000 0.063063
1 0.683000 0.364114 0.136000 0.160661
2 0.619500 0.366366 0.029000 0.051051
2 0.595000 0.349850 0.050000 0.057057
2 0.596000 0.332583 0.052000 0.049550
2 0.560500 0.326577 0.047000 0.061562
2 0.532500 0.352853 0.061000 0.078078
2 0.469500 0.380631 0.053000 0.061562
2 0.446500 0.361862 0.049000 0.063063
2 0.436500 0.345345 0.041000 0.063063
2 0.480000 0.316066 0.042000 0.049550
2 0.543000 0.304054 0.040000 0.055556
2 0.533500 0.293544 0.043000 0.046547
2 0.506500 0.283033 0.041000 0.052553
2 0.456000 0.296547 0.044000 0.055556
2 0.388000 0.283033 0.034000 0.058559
2 0.378000 0.268018 0.036000 0.052553
2 0.454000 0.274775 0.042000 0.045045
2 0.496500 0.251502 0.043000 0.064565
2 0.484500 0.228228 0.037000 0.048048
2 0.464500 0.207207 0.033000 0.039039
2 0.435000 0.251502 0.028000 0.046547
2 0.424000 0.229730 0.024000 0.039039
2 0.370000 0.253754 0.030000 0.045045
2 0.365500 0.240991 0.033000 0.052553
2 0.342500 0.192192 0.033000 0.051051
2 0.381500 0.172673 0.027000 0.039039
2 0.437500 0.192943 0.033000 0.049550
2 0.417000 0.167417 0.030000 0.034535
2 0.411000 0.153153 0.028000 0.033033
2 0.373000 0.160661 0.030000 0.042042
2 0.335500 0.169670 0.027000 0.036036
2 0.322500 0.153153 0.027000 0.033033
2 0.309000 0.139640 0.026000 0.030030
2 0.352500 0.135135 0.027000 0.039039
2 0.392000 0.126126 0.024000 0.033033
1 0.358000 0.120120 0.046000 0.075075
1 0.375000 0.108859 0.028000 0.049550
2 0.337000 0.123123 0.016000 0.030030
2 0.331500 0.117117 0.017000 0.027027
2 0.324500 0.105105 0.023000 0.030030
2 0.321000 0.102102 0.022000 0.033033
2 0.294500 0.112613 0.021000 0.027027
2 0.546000 0.945946 0.174000 0.108108
2 0.478000 0.845345 0.142000 0.201201
2 0.397500 0.737988 0.121000 0.160661
2 0.377500 0.615616 0.099000 0.120120
2 0.366500 0.520270 0.093000 0.124625
2 0.336000 0.468468 0.076000 0.102102
2 0.308000 0.395646 0.062000 0.070571
2 0.277500 0.360360 0.053000 0.060060
2 0.231500 0.343844 0.049000 0.057057
2 0.269000 0.308559 0.044000 0.055556
2 0.259500 0.264264 0.041000 0.048048
2 0.254000 0.216216 0.036000 0.057057
2 0.231000 0.193694 0.030000 0.036036
2 0.243000 0.166667 0.030000 0.039039
2 0.229500 0.135135 0.027000 0.045045
2 0.230500 0.120871 0.021000 0.028529
2 0.218000 0.118619 0.018000 0.030030
2 0.186000 0.106607 0.014000 0.021021
2 0.194000 0.112613 0.020000 0.021021
2 0.198000 0.128378 0.024000 0.028529
1 0.188500 0.155405 0.049000 0.076577
2 0.190500 0.230480 0.037000 0.046547
2 0.191500 0.294294 0.045000 0.054054
2 0.205000 0.379129 0.060000 0.073574
2 0.204500 0.451201 0.071000 0.091592
2 0.214500 0.497748 0.077000 0.091592
2 0.221500 0.546547 0.091000 0.108108
2 0.247000 0.679429 0.116000 0.127628
2 0.219500 0.791291 0.135000 0.168168
2 0.243500 0.935435 0.165000 0.129129
2 0.032000 0.863363 0.062000 0.186186
2 0.049500 0.659159 0.097000 0.123123
2 0.049000 0.569069 0.096000 0.123123
2 0.084000 0.506757 0.080000 0.088589
2 0.081500 0.471471 0.073000 0.072072
1 0.084500 0.388889 0.103000 0.165165
2 0.140500 0.358108 0.049000 0.058559
2 0.124000 0.337087 0.034000 0.043544
2 0.108000 0.312312 0.050000 0.045045
2 0.133500 0.237988 0.037000 0.043544
2 0.146500 0.162913 0.029000 0.034535
2 0.147000 0.137387 0.028000 0.031532
2 0.156000 0.133634 0.026000 0.036036
2 0.154500 0.120871 0.021000 0.022523
1 0.154500 0.108108 0.037000 0.048048
1 0.154500 0.086336 0.031000 0.052553
1 0.202000 0.101351 0.020000 0.037538
2 0.910500 0.368619 0.061000 0.061562
2 0.985500 0.290541 0.029000 0.043544
2 0.846000 0.295045 0.038000 0.046547
2 0.727500 0.284535 0.045000 0.049550
2 0.811500 0.252252 0.029000 0.033033
2 0.797500 0.237988 0.035000 0.031532
2 0.758500 0.238739 0.065000 0.039039
2 0.700500 0.242492 0.029000 0.031532
2 0.660000 0.246997 0.030000 0.037538
2 0.625500 0.249249 0.035000 0.045045
1 0.620000 0.219219 0.054000 0.060060
2 0.685500 0.234985 0.031000 0.046547
1 0.564500 0.208709 0.047000 0.042042
