2 0.793636 0.886612 0.161818 0.183060
4 0.918182 0.825137 0.018182 0.060109
4 0.942727 0.830601 0.016364 0.043716
2 0.678182 0.838798 0.112727 0.136612
2 0.612727 0.836066 0.054545 0.071038
2 0.330000 0.830601 0.045455 0.049180
1 0.190909 0.819672 0.109091 0.076503
4 0.356364 0.846995 0.014545 0.060109
4 0.342727 0.844262 0.016364 0.065574
4 0.324545 0.846995 0.020000 0.071038
4 0.295455 0.849727 0.016364 0.065574
4 0.273636 0.845628 0.016364 0.073770
4 0.232727 0.855191 0.018182 0.065574
4 0.243636 0.846995 0.025455 0.076503
3 0.241818 0.860656 0.021818 0.060109
4 0.186364 0.842896 0.016364 0.068306
0 0.189091 0.855191 0.047273 0.049180
4 0.123636 0.844262 0.025455 0.092896
4 0.015455 0.845628 0.027273 0.101093
4 0.034545 0.827869 0.025455 0.092896
2 0.083636 0.840164 0.123636 0.073770
2 0.946364 0.818306 0.038182 0.046448
2 0.984545 0.821038 0.030909 0.035519
