2 0.690848 0.911437 0.395089 0.177127
2 0.731027 0.811715 0.363839 0.200837
2 0.669643 0.753138 0.267857 0.142259
2 0.700893 0.691074 0.276786 0.112971
2 0.659598 0.647838 0.225446 0.096234
2 0.602679 0.615063 0.236607 0.111576
2 0.541295 0.560669 0.189732 0.108787
2 0.560268 0.523710 0.191964 0.076709
2 0.562500 0.480474 0.165179 0.065551
2 0.565848 0.467225 0.154018 0.058577
2 0.501116 0.453975 0.136161 0.079498
2 0.502232 0.437238 0.120536 0.057183
2 0.535714 0.418410 0.107143 0.050209
2 0.474330 0.411437 0.100446 0.058577
2 0.542411 0.394700 0.098214 0.047420
2 0.632812 0.410739 0.100446 0.059972
2 0.710938 0.412831 0.162946 0.058577
2 0.696429 0.451185 0.120536 0.076709
2 0.782366 0.472803 0.127232 0.083682
2 0.812500 0.488145 0.160714 0.078103
2 0.847098 0.541841 0.203125 0.096234
2 0.982143 0.459554 0.035714 0.054393
2 0.887277 0.436541 0.180804 0.066946
2 0.812500 0.384937 0.111607 0.050209
2 0.893973 0.363319 0.091518 0.051604
2 0.684152 0.370990 0.104911 0.044630
1 0.555804 0.345886 0.160714 0.097629
2 0.642857 0.332636 0.053571 0.034868
2 0.763393 0.331939 0.080357 0.044630
2 0.672991 0.327057 0.078125 0.043236
2 0.656250 0.313808 0.062500 0.039052
2 0.712054 0.314505 0.053571 0.037657
2 0.742188 0.307531 0.060268 0.034868
1 0.768973 0.292190 0.122768 0.062762
2 0.876116 0.292887 0.042411 0.025105
2 0.926339 0.309623 0.093750 0.030683
2 0.212054 0.950488 0.392857 0.099024
2 0.189732 0.832636 0.330357 0.170153
2 0.224330 0.755230 0.292411 0.152022
2 0.280134 0.675035 0.256696 0.142259
2 0.241071 0.622734 0.227679 0.124128
2 0.270089 0.564854 0.200893 0.080893
2 0.277902 0.539052 0.194196 0.082287
2 0.276786 0.502092 0.174107 0.066946
2 0.289062 0.486750 0.162946 0.069735
2 0.295759 0.449791 0.149554 0.057183
2 0.328125 0.428870 0.116071 0.065551
2 0.316964 0.405858 0.116071 0.050209
2 0.387277 0.397490 0.104911 0.052999
2 0.379464 0.370293 0.102679 0.048815
2 0.428571 0.361925 0.089286 0.051604
2 0.453125 0.351464 0.075893 0.044630
2 0.470982 0.337517 0.062500 0.039052
2 0.020089 0.629707 0.035714 0.096234
2 0.029018 0.570432 0.053571 0.100418
2 0.077009 0.523013 0.149554 0.108787
2 0.049107 0.488842 0.093750 0.068340
2 0.078125 0.467922 0.147321 0.082287
2 0.103795 0.456067 0.127232 0.069735
2 0.136161 0.421897 0.125000 0.062762
2 0.180804 0.406555 0.116071 0.059972
2 0.236607 0.373780 0.098214 0.052999
2 0.295759 0.361925 0.095982 0.040446
2 0.325893 0.347978 0.080357 0.046025
2 0.342634 0.342399 0.082589 0.040446
2 0.388393 0.328452 0.071429 0.034868
2 0.438616 0.320781 0.073661 0.036262
2 0.016741 0.386332 0.029018 0.050209
2 0.151786 0.348675 0.093750 0.044630
2 0.031250 0.349372 0.058036 0.048815
2 0.074777 0.330544 0.082589 0.044630
2 0.081473 0.316597 0.078125 0.027894
2 0.165179 0.317992 0.080357 0.025105
2 0.263393 0.315900 0.080357 0.040446
2 0.356027 0.307531 0.082589 0.043236
2 0.305804 0.307531 0.058036 0.032078
