1 0.886214 0.942623 0.227571 0.103825
1 0.929978 0.856557 0.140044 0.150273
2 0.668490 0.911202 0.150985 0.172131
2 0.762582 0.819672 0.137856 0.142077
2 0.464989 0.938525 0.172867 0.122951
2 0.575492 0.789617 0.113786 0.136612
2 0.400438 0.836066 0.122538 0.142077
2 0.643326 0.681694 0.087527 0.090164
2 0.521882 0.695355 0.085339 0.122951
2 0.392779 0.713115 0.089716 0.098361
2 0.347921 0.663934 0.070022 0.081967
2 0.564551 0.616120 0.074398 0.079235
2 0.370897 0.632514 0.063457 0.062842
2 0.520788 0.587432 0.052516 0.060109
2 0.361050 0.594262 0.048140 0.051913
2 0.409190 0.580601 0.052516 0.062842
2 0.493435 0.560109 0.045952 0.049180
2 0.422319 0.564208 0.043764 0.046448
2 0.352298 0.579235 0.043764 0.049180
2 0.460613 0.535519 0.032823 0.038251
2 0.440919 0.523224 0.032823 0.030055
2 0.341357 0.554645 0.048140 0.054645
2 0.404814 0.539617 0.039387 0.040984
2 0.342451 0.520492 0.032823 0.030055
1 0.329322 0.490437 0.032823 0.040984
2 0.427790 0.508197 0.028446 0.038251
1 0.141138 0.531421 0.076586 0.101093
2 0.032823 0.500000 0.039387 0.032787
2 0.153173 0.461749 0.026258 0.027322
2 0.189278 0.441257 0.024070 0.024590
2 0.966083 0.741803 0.067834 0.084699
2 0.892779 0.685792 0.100656 0.081967
2 0.798687 0.642077 0.096280 0.081967
2 0.926696 0.655738 0.085339 0.071038
2 0.949672 0.602459 0.083151 0.068306
2 0.863239 0.592896 0.054705 0.071038
2 0.986871 0.655738 0.026258 0.054645
2 0.718818 0.606557 0.063457 0.049180
1 0.786652 0.566940 0.124726 0.122951
2 0.671772 0.586066 0.052516 0.046448
2 0.683807 0.554645 0.045952 0.049180
2 0.637856 0.560109 0.050328 0.043716
2 0.693654 0.532787 0.048140 0.049180
2 0.625821 0.539617 0.039387 0.040984
2 0.638950 0.523224 0.035011 0.035519
2 0.551422 0.521858 0.026258 0.021858
2 0.841357 0.474044 0.032823 0.030055
2 0.793217 0.480874 0.032823 0.021858
2 0.736324 0.457650 0.028446 0.030055
2 0.738512 0.482240 0.032823 0.019126
