2 0.464736 0.944800 0.068010 0.084800
1 0.293451 0.836800 0.055416 0.073600
2 0.355164 0.852000 0.030227 0.033600
2 0.411209 0.848000 0.036524 0.041600
2 0.461587 0.847200 0.031486 0.040000
2 0.447103 0.832000 0.037783 0.051200
1 0.392317 0.818400 0.049118 0.062400
2 0.326826 0.835200 0.023929 0.041600
1 0.351385 0.817600 0.032746 0.051200
2 0.653023 0.941600 0.059194 0.065600
2 0.633501 0.914400 0.060453 0.052800
2 0.620907 0.903200 0.052897 0.046400
4 0.597607 0.957600 0.021411 0.062400
2 0.918766 0.940800 0.119647 0.118400
2 0.857683 0.955200 0.070529 0.089600
2 0.748741 0.771200 0.054156 0.060800
2 0.658690 0.745600 0.050378 0.057600
2 0.614610 0.714400 0.045340 0.059200
1 0.583753 0.678400 0.061713 0.092800
2 0.693955 0.721600 0.045340 0.054400
2 0.651763 0.704000 0.039043 0.038400
2 0.979219 0.847200 0.041562 0.072000
2 0.905542 0.789600 0.062972 0.072000
2 0.960327 0.793600 0.061713 0.064000
2 0.884131 0.764000 0.052897 0.072000
2 0.917506 0.744000 0.051637 0.067200
2 0.826196 0.741600 0.045340 0.062400
2 0.808564 0.726400 0.050378 0.073600
2 0.774559 0.708000 0.047859 0.059200
2 0.731108 0.707200 0.041562 0.041600
