2 0.953000 0.969937 0.094000 0.060127
2 0.953000 0.944620 0.094000 0.110759
2 0.905000 0.909810 0.094000 0.117089
2 0.871000 0.868671 0.082000 0.123418
2 0.887000 0.829114 0.078000 0.088608
2 0.861000 0.802215 0.066000 0.110759
2 0.851000 0.770570 0.070000 0.091772
2 0.834000 0.745253 0.064000 0.098101
2 0.811000 0.718354 0.062000 0.094937
2 0.810000 0.685127 0.060000 0.079114
2 0.788000 0.670886 0.056000 0.082278
2 0.792000 0.655063 0.064000 0.075949
2 0.779000 0.629747 0.046000 0.069620
2 0.779000 0.609177 0.046000 0.060127
2 0.765000 0.594937 0.050000 0.063291
2 0.769000 0.571203 0.046000 0.053797
2 0.774000 0.561709 0.048000 0.060127
2 0.756000 0.542722 0.044000 0.060127
2 0.750000 0.534810 0.052000 0.075949
2 0.742000 0.490506 0.040000 0.050633
2 0.739000 0.474684 0.034000 0.050633
2 0.735000 0.457278 0.038000 0.047468
2 0.724000 0.427215 0.032000 0.044304
2 0.719000 0.403481 0.034000 0.047468
2 0.711000 0.392405 0.030000 0.044304
2 0.705000 0.375000 0.026000 0.041139
2 0.697000 0.368671 0.026000 0.041139
2 0.980000 0.825949 0.040000 0.113924
2 0.968000 0.794304 0.064000 0.107595
1 0.942000 0.707278 0.116000 0.218354
2 0.904000 0.696203 0.056000 0.094937
2 0.885000 0.651899 0.054000 0.069620
2 0.878000 0.629747 0.048000 0.063291
2 0.867000 0.610759 0.046000 0.063291
2 0.842000 0.577532 0.048000 0.066456
2 0.838000 0.553797 0.044000 0.056962
2 0.834000 0.533228 0.044000 0.053797
2 0.815000 0.511076 0.038000 0.053797
1 0.814000 0.446203 0.068000 0.139241
2 0.774000 0.427215 0.032000 0.050633
2 0.767000 0.392405 0.034000 0.050633
2 0.759000 0.381329 0.030000 0.053797
2 0.743000 0.357595 0.026000 0.044304
2 0.798000 0.969937 0.112000 0.060127
2 0.749000 0.949367 0.098000 0.101266
2 0.761000 0.916139 0.102000 0.104430
2 0.744000 0.889241 0.092000 0.101266
2 0.726000 0.852848 0.092000 0.123418
2 0.734000 0.810127 0.084000 0.094937
2 0.730000 0.772152 0.076000 0.082278
2 0.724000 0.740506 0.072000 0.088608
2 0.714000 0.705696 0.068000 0.075949
2 0.709000 0.674051 0.058000 0.075949
2 0.715000 0.645570 0.054000 0.056962
2 0.702000 0.631329 0.056000 0.066456
2 0.680000 0.613924 0.056000 0.063291
2 0.683000 0.590190 0.050000 0.079114
2 0.696000 0.572785 0.048000 0.056962
2 0.681000 0.555380 0.050000 0.047468
2 0.672000 0.534810 0.040000 0.063291
2 0.684000 0.506329 0.044000 0.056962
2 0.686000 0.477848 0.036000 0.044304
2 0.669000 0.468354 0.042000 0.063291
2 0.668000 0.408228 0.032000 0.050633
2 0.664000 0.393987 0.032000 0.047468
2 0.659000 0.373418 0.026000 0.037975
2 0.447000 0.928797 0.102000 0.136076
2 0.503000 0.729430 0.074000 0.085443
2 0.517000 0.680380 0.058000 0.082278
2 0.519000 0.596519 0.050000 0.066456
2 0.545000 0.539557 0.046000 0.066456
2 0.559000 0.441456 0.034000 0.041139
2 0.570000 0.416139 0.036000 0.041139
2 0.582000 0.318038 0.024000 0.028481
2 0.535000 0.310127 0.018000 0.031646
2 0.549000 0.316456 0.022000 0.025316
2 0.541000 0.354430 0.030000 0.044304
2 0.511000 0.436709 0.038000 0.044304
2 0.516000 0.462025 0.040000 0.044304
1 0.470000 0.525316 0.072000 0.158228
2 0.423000 0.685127 0.062000 0.085443
2 0.296000 0.933544 0.108000 0.120253
2 0.236000 0.952532 0.132000 0.094937
1 0.256000 0.713608 0.136000 0.268987
2 0.366000 0.604430 0.052000 0.063291
2 0.442000 0.466772 0.036000 0.047468
2 0.466000 0.425633 0.032000 0.047468
2 0.470000 0.398734 0.036000 0.050633
2 0.017000 0.816456 0.030000 0.088608
2 0.062000 0.775316 0.068000 0.075949
2 0.115000 0.746835 0.054000 0.075949
2 0.054000 0.732595 0.060000 0.072785
2 0.025000 0.724684 0.046000 0.063291
2 0.018000 0.683544 0.032000 0.069620
4 0.047000 0.686709 0.014000 0.050633
1 0.124000 0.656646 0.084000 0.136076
