4 0.792000 0.649819 0.288000 0.700361
4 0.555000 0.684116 0.146000 0.465704
4 0.369000 0.745487 0.206000 0.509025
4 0.240000 0.732852 0.128000 0.498195
4 0.220000 0.702166 0.104000 0.465704
4 0.169000 0.660650 0.090000 0.375451
4 0.091000 0.662455 0.082000 0.285199
4 0.647000 0.604693 0.086000 0.371841
2 0.934000 0.595668 0.132000 0.303249
1 0.805000 0.451264 0.298000 0.462094
3 0.812000 0.794224 0.304000 0.397112
3 0.560000 0.810469 0.168000 0.364621
3 0.371000 0.806859 0.194000 0.386282
3 0.255000 0.772563 0.138000 0.447653
3 0.178000 0.723827 0.092000 0.285199
3 0.100000 0.685921 0.104000 0.303249
2 0.286000 0.429603 0.096000 0.129964
