2 0.836592 0.743678 0.270950 0.181609
2 0.599162 0.868966 0.293296 0.183908
2 0.473464 0.795402 0.248603 0.165517
2 0.738827 0.674713 0.231844 0.158621
2 0.445531 0.698851 0.220670 0.137931
2 0.336592 0.635632 0.198324 0.135632
2 0.613128 0.583908 0.164804 0.101149
2 0.372905 0.583908 0.164804 0.105747
2 0.578212 0.539080 0.173184 0.121839
2 0.540503 0.506897 0.148045 0.098851
2 0.318436 0.549425 0.173184 0.110345
2 0.490223 0.472414 0.148045 0.108046
2 0.286313 0.506897 0.175978 0.131034
2 0.248603 0.462069 0.122905 0.105747
2 0.421788 0.424138 0.100559 0.089655
2 0.487430 0.422989 0.114525 0.078161
2 0.217877 0.441379 0.139665 0.091954
2 0.245810 0.408046 0.117318 0.057471
2 0.388268 0.387356 0.117318 0.075862
2 0.205307 0.397701 0.108939 0.073563
2 0.178771 0.386207 0.111732 0.073563
2 0.370112 0.356322 0.108939 0.068966
2 0.037709 0.694253 0.069832 0.142529
2 0.920391 0.395402 0.125698 0.087356
2 0.874302 0.363218 0.134078 0.091954
1 0.717877 0.286207 0.212291 0.163218
2 0.131285 0.320690 0.094972 0.062069
