2 0.512778 0.803774 0.403333 0.384906
2 0.148889 0.923585 0.284444 0.152830
2 0.777222 0.646226 0.230000 0.405660
2 0.876111 0.579245 0.138889 0.249057
2 0.912778 0.522642 0.090000 0.124528
2 0.930000 0.500000 0.073333 0.105660
1 0.933889 0.459434 0.078889 0.111321
2 0.976111 0.416981 0.032222 0.049057
1 0.573889 0.458491 0.352222 0.464151
1 0.755000 0.400000 0.118889 0.200000
1 0.810000 0.407547 0.102222 0.169811
1 0.848333 0.379245 0.090000 0.181132
1 0.887222 0.370755 0.061111 0.130189
1 0.910556 0.377358 0.050000 0.105660
1 0.933333 0.386792 0.044444 0.098113
1 0.968889 0.397170 0.040000 0.077358
1 0.268889 0.460377 0.535556 0.822642
4 0.992222 0.482075 0.015556 0.115094
