4 0.726000 0.604720 0.196000 0.737463
4 0.452000 0.628319 0.088000 0.286136
4 0.337000 0.629056 0.040000 0.163717
4 0.292500 0.633481 0.035000 0.122419
4 0.257000 0.637168 0.012000 0.047198
4 0.195500 0.637168 0.015000 0.053097
4 0.184500 0.632743 0.015000 0.058997
3 0.089000 0.643805 0.044000 0.042773
4 0.362000 0.639381 0.016000 0.045723
4 0.412500 0.635693 0.015000 0.058997
4 0.444000 0.637168 0.018000 0.050147
4 0.562500 0.634218 0.023000 0.097345
4 0.608000 0.631268 0.046000 0.156342
4 0.593000 0.632743 0.028000 0.085546
4 0.855500 0.636431 0.039000 0.151917
4 0.980000 0.635693 0.034000 0.129794
