4 0.545175 0.957650 0.026694 0.084699
4 0.473306 0.793716 0.022587 0.068306
4 0.510267 0.765027 0.022587 0.054645
4 0.532854 0.754098 0.018480 0.060109
4 0.582136 0.674863 0.022587 0.065574
4 0.618070 0.631148 0.024641 0.060109
0 0.618070 0.650273 0.024641 0.038251
4 0.646817 0.631148 0.020534 0.054645
4 0.703285 0.581967 0.014374 0.043716
4 0.803901 0.486339 0.014374 0.043716
4 0.842916 0.442623 0.014374 0.049180
4 0.935318 0.356557 0.014374 0.040984
1 0.491786 0.657104 0.125257 0.144809
2 0.580082 0.571038 0.055441 0.071038
1 0.613963 0.476776 0.094456 0.112022
2 0.667351 0.452186 0.045175 0.051913
1 0.768994 0.412568 0.088296 0.103825
2 0.720739 0.409836 0.032854 0.038251
2 0.832649 0.374317 0.047228 0.049180
2 0.784394 0.364754 0.045175 0.040984
2 0.828542 0.331967 0.039014 0.046448
2 0.871663 0.300546 0.039014 0.038251
2 0.894251 0.269126 0.039014 0.040984
1 0.964066 0.241803 0.059548 0.084699
2 0.170431 0.707650 0.078029 0.071038
4 0.136550 0.637978 0.022587 0.057377
3 0.137577 0.653005 0.024641 0.049180
4 0.111910 0.632514 0.018480 0.068306
4 0.283368 0.530055 0.016427 0.071038
1 0.336756 0.560109 0.114990 0.131148
2 0.440452 0.520492 0.059548 0.051913
1 0.520534 0.428962 0.096509 0.114754
2 0.582136 0.416667 0.043121 0.046448
2 0.621150 0.389344 0.043121 0.046448
2 0.688912 0.344262 0.039014 0.038251
2 0.712526 0.327869 0.041068 0.043716
2 0.746407 0.344262 0.043121 0.043716
2 0.749487 0.307377 0.041068 0.040984
2 0.800821 0.304645 0.041068 0.040984
4 0.652977 0.301913 0.016427 0.046448
4 0.717659 0.271858 0.014374 0.040984
4 0.782341 0.222678 0.012320 0.040984
2 0.858316 0.252732 0.036961 0.035519
2 0.886037 0.237705 0.034908 0.038251
2 0.924025 0.209016 0.032854 0.030055
2 0.954825 0.185792 0.032854 0.032787
2 0.936345 0.166667 0.032854 0.032787
4 0.858316 0.172131 0.012320 0.043716
