2 0.098182 0.806686 0.178182 0.223837
2 0.967273 0.668605 0.065455 0.168605
2 0.891818 0.667151 0.158182 0.148256
2 0.760000 0.662791 0.123636 0.151163
2 0.625455 0.632267 0.145455 0.194767
2 0.532727 0.678779 0.072727 0.090116
2 0.454545 0.675872 0.061818 0.066860
2 0.500000 0.677326 0.047273 0.081395
2 0.453636 0.654070 0.070909 0.087209
2 0.386364 0.677326 0.049091 0.075581
4 0.851818 0.662791 0.049091 0.191860
4 0.691818 0.664244 0.034545 0.159884
4 0.451818 0.684593 0.023636 0.113372
4 0.520000 0.674419 0.025455 0.104651
2 0.300000 0.662791 0.050909 0.081395
