1 0.152222 0.697329 0.300000 0.332344
2 0.340000 0.667656 0.137778 0.118694
2 0.188889 0.660237 0.120000 0.086053
2 0.213333 0.649852 0.088889 0.094955
2 0.305556 0.645401 0.122222 0.086053
1 0.386667 0.574184 0.102222 0.133531
2 0.418889 0.635015 0.082222 0.083086
2 0.506667 0.704748 0.240000 0.181009
2 0.487778 0.640950 0.104444 0.094955
2 0.546667 0.629080 0.093333 0.083086
2 0.611111 0.630564 0.106667 0.080119
2 0.661111 0.614243 0.082222 0.059347
2 0.711111 0.658754 0.133333 0.124629
2 0.768889 0.583086 0.044444 0.068249
2 0.818889 0.626113 0.095556 0.094955
2 0.891111 0.603858 0.075556 0.080119
1 0.897778 0.557864 0.062222 0.059347
1 0.971111 0.556380 0.057778 0.127596
1 0.108889 0.556380 0.213333 0.181009
