1 0.640816 0.781250 0.334694 0.422500
2 0.911224 0.873750 0.173469 0.182500
2 0.908163 0.667500 0.138776 0.130000
2 0.606122 0.538750 0.122449 0.107500
2 0.763265 0.560000 0.110204 0.115000
2 0.941837 0.593750 0.116327 0.107500
2 0.877551 0.541250 0.102041 0.097500
2 0.757143 0.683750 0.106122 0.127500
2 0.495918 0.671250 0.097959 0.132500
2 0.717347 0.512500 0.100000 0.095000
2 0.426531 0.537500 0.110204 0.110000
2 0.566327 0.502500 0.108163 0.105000
2 0.831633 0.495000 0.100000 0.085000
2 0.908163 0.437500 0.179592 0.190000
2 0.658163 0.462500 0.083673 0.085000
2 0.762245 0.460000 0.083673 0.075000
2 0.728571 0.431250 0.073469 0.072500
2 0.401020 0.461250 0.087755 0.087500
2 0.464286 0.438750 0.083673 0.082500
2 0.302041 0.440000 0.085714 0.080000
2 0.255102 0.413750 0.077551 0.072500
2 0.335714 0.382500 0.075510 0.065000
2 0.420408 0.385000 0.061224 0.060000
2 0.593878 0.420000 0.077551 0.070000
2 0.563265 0.380000 0.073469 0.080000
2 0.673469 0.403750 0.065306 0.067500
1 0.488776 0.380000 0.083673 0.145000
2 0.793878 0.395000 0.065306 0.060000
1 0.754082 0.335000 0.083673 0.115000
1 0.648980 0.337500 0.081633 0.120000
2 0.606122 0.317500 0.044898 0.050000
4 0.138776 0.400000 0.024490 0.070000
4 0.169388 0.387500 0.024490 0.075000
2 0.476531 0.275000 0.046939 0.050000
2 0.417347 0.283750 0.046939 0.052500
2 0.518367 0.263750 0.044898 0.047500
1 0.420408 0.196250 0.048980 0.067500
2 0.536735 0.235000 0.032653 0.050000
2 0.683673 0.222500 0.036735 0.050000
2 0.928571 0.328750 0.065306 0.062500
