4 0.715405 0.735294 0.365535 0.529412
3 0.704308 0.910784 0.369452 0.178431
4 0.560052 0.647059 0.067885 0.184314
3 0.564621 0.686275 0.079634 0.192157
4 0.519582 0.619608 0.052219 0.160784
3 0.518277 0.648039 0.057441 0.154902
4 0.530679 0.571569 0.032637 0.111765
4 0.364230 0.591176 0.041775 0.127451
3 0.361619 0.614706 0.054830 0.127451
2 0.409269 0.556863 0.087467 0.125490
2 0.321802 0.503922 0.063969 0.074510
2 0.363577 0.388235 0.035248 0.054902
2 0.415796 0.395098 0.037859 0.045098
2 0.163185 0.397059 0.060052 0.084314
2 0.161227 0.580392 0.137076 0.219608
2 0.083551 0.641176 0.164491 0.266667
