1 0.109543 0.531142 0.216398 0.474048
2 0.211694 0.841696 0.420699 0.316609
2 0.458333 0.812284 0.411290 0.302768
2 0.693548 0.756055 0.233871 0.224913
2 0.788978 0.709343 0.129032 0.152249
2 0.841398 0.689446 0.088710 0.126298
2 0.881048 0.683391 0.079301 0.114187
2 0.920027 0.662630 0.079301 0.107266
2 0.956317 0.651384 0.055108 0.112457
2 0.243280 0.692907 0.139785 0.126298
2 0.331989 0.659170 0.153226 0.107266
2 0.419355 0.675606 0.158602 0.095156
2 0.535618 0.666955 0.122312 0.077855
4 0.582661 0.694637 0.044355 0.188581
2 0.661962 0.648789 0.090054 0.058824
