2 0.922500 0.882239 0.155000 0.235521
2 0.670625 0.734556 0.111250 0.148649
2 0.623125 0.512548 0.051250 0.071429
2 0.850625 0.590734 0.103750 0.096525
2 0.569375 0.451737 0.036250 0.057915
2 0.643750 0.453668 0.040000 0.054054
2 0.770625 0.429537 0.038750 0.052124
2 0.662500 0.422780 0.037500 0.046332
2 0.612500 0.419884 0.035000 0.040541
2 0.563125 0.424710 0.031250 0.050193
2 0.623750 0.389961 0.027500 0.034749
2 0.585625 0.387066 0.023750 0.028958
2 0.555625 0.397683 0.026250 0.034749
2 0.543125 0.373552 0.018750 0.028958
2 0.581250 0.365830 0.017500 0.028958
2 0.538750 0.363900 0.020000 0.028958
2 0.560625 0.356178 0.013750 0.021236
2 0.710625 0.369691 0.026250 0.032819
2 0.737500 0.351351 0.027500 0.023166
2 0.710625 0.339768 0.021250 0.023166
1 0.891250 0.387066 0.120000 0.086873
2 0.975000 0.431467 0.047500 0.063707
2 0.314375 0.905405 0.181250 0.189189
2 0.289375 0.673745 0.098750 0.135135
2 0.410625 0.610039 0.073750 0.111969
2 0.210000 0.627413 0.100000 0.111969
2 0.463125 0.483591 0.046250 0.063707
2 0.405625 0.463320 0.043750 0.054054
2 0.360000 0.458494 0.040000 0.055985
1 0.407500 0.376448 0.045000 0.065637
2 0.427500 0.411197 0.030000 0.038610
2 0.476875 0.403475 0.028750 0.038610
2 0.458125 0.370656 0.021250 0.030888
2 0.485625 0.371622 0.018750 0.028958
2 0.016875 0.437259 0.031250 0.044402
1 0.290000 0.339768 0.032500 0.046332
