2 0.822738 0.742557 0.349633 0.514886
4 0.885086 0.598949 0.112469 0.350263
2 0.827628 0.521016 0.344743 0.246935
2 0.717604 0.496497 0.193154 0.110333
2 0.640587 0.485989 0.146699 0.085814
2 0.581907 0.473730 0.097800 0.068301
2 0.574572 0.470228 0.092910 0.057793
1 0.616137 0.447461 0.053790 0.043783
2 0.530562 0.449212 0.048900 0.033275
1 0.513447 0.440455 0.063570 0.040280
2 0.481663 0.460595 0.097800 0.045534
1 0.418093 0.424694 0.068460 0.078809
2 0.378973 0.453590 0.078240 0.059545
2 0.407090 0.471979 0.110024 0.071804
2 0.353301 0.479860 0.134474 0.091068
2 0.183374 0.495622 0.322738 0.178634
2 0.183374 0.619089 0.361858 0.334501
