4 0.900000 0.707951 0.094545 0.535168
4 0.306364 0.652905 0.114545 0.480122
2 0.181818 0.608563 0.360000 0.440367
2 0.767273 0.532110 0.094545 0.110092
4 0.840909 0.509174 0.016364 0.064220
4 0.865455 0.516820 0.025455 0.091743
2 0.824545 0.509174 0.045455 0.058104
2 0.351818 0.570336 0.180000 0.266055
2 0.481818 0.550459 0.152727 0.171254
2 0.416364 0.501529 0.080000 0.110092
2 0.491818 0.495413 0.070909 0.103976
2 0.585455 0.535168 0.112727 0.134557
2 0.643636 0.533639 0.076364 0.107034
2 0.687273 0.527523 0.058182 0.088685
