2 0.918125 0.821348 0.158750 0.213483
2 0.807500 0.441573 0.090000 0.141573
2 0.888750 0.221348 0.062500 0.083146
2 0.976250 0.184270 0.047500 0.071910
2 0.981875 0.061798 0.036250 0.042697
2 0.687500 0.849438 0.147500 0.215730
2 0.638125 0.523596 0.106250 0.143820
2 0.638125 0.362921 0.083750 0.114607
2 0.774375 0.187640 0.061250 0.074157
2 0.666875 0.221348 0.058750 0.092135
2 0.591875 0.279775 0.068750 0.096629
2 0.422500 0.846067 0.175000 0.262921
2 0.050625 0.629213 0.098750 0.170787
2 0.068750 0.547191 0.112500 0.155056
2 0.065000 0.423596 0.090000 0.123596
2 0.099375 0.356180 0.093750 0.123596
2 0.214375 0.403371 0.091250 0.123596
2 0.235000 0.364045 0.082500 0.098876
2 0.222500 0.311236 0.072500 0.083146
2 0.339375 0.312360 0.086250 0.098876
2 0.321875 0.282022 0.063750 0.078652
2 0.361875 0.271910 0.066250 0.085393
2 0.433125 0.257303 0.071250 0.092135
2 0.475000 0.196629 0.055000 0.074157
2 0.522500 0.183146 0.045000 0.060674
2 0.612500 0.123596 0.047500 0.049438
2 0.654375 0.124719 0.048750 0.047191
2 0.697500 0.116854 0.037500 0.044944
2 0.043125 0.364045 0.073750 0.107865
2 0.061875 0.310112 0.081250 0.107865
2 0.087500 0.269663 0.060000 0.076404
2 0.127500 0.298876 0.070000 0.112360
2 0.188750 0.276404 0.060000 0.085393
2 0.148125 0.261798 0.066250 0.101124
2 0.223125 0.239326 0.073750 0.087640
2 0.279375 0.244944 0.063750 0.085393
2 0.330000 0.197753 0.062500 0.080899
2 0.393125 0.228090 0.066250 0.087640
2 0.396250 0.204494 0.070000 0.085393
2 0.443125 0.184270 0.053750 0.085393
