2 0.819549 0.827348 0.360902 0.339779
2 0.197744 0.808011 0.350376 0.383978
2 0.362406 0.761050 0.183459 0.334254
2 0.354135 0.633978 0.166917 0.339779
2 0.686466 0.741713 0.293233 0.516575
2 0.568421 0.733425 0.165414 0.389503
2 0.295489 0.632597 0.118797 0.287293
2 0.231579 0.585635 0.075188 0.165746
2 0.014286 0.622928 0.025564 0.118785
4 0.207519 0.645028 0.048120 0.218232
4 0.465414 0.640884 0.028571 0.165746
4 0.481955 0.640884 0.022556 0.165746
4 0.448120 0.625691 0.021053 0.135359
4 0.836090 0.712707 0.051128 0.270718
2 0.951880 0.730663 0.096241 0.218232
