2 0.901449 0.907336 0.182609 0.181467
2 0.810870 0.701737 0.137681 0.144788
1 0.790580 0.531853 0.195652 0.283784
2 0.715217 0.338803 0.068116 0.075290
2 0.707971 0.313707 0.062319 0.090734
1 0.731884 0.262548 0.115942 0.146718
1 0.683333 0.227799 0.056522 0.092664
2 0.644928 0.155405 0.023188 0.025097
2 0.622464 0.947876 0.207246 0.104247
2 0.594928 0.783784 0.143478 0.208494
2 0.614493 0.664093 0.133333 0.158301
2 0.619565 0.560811 0.105797 0.110039
2 0.639855 0.529923 0.100000 0.110039
2 0.618841 0.499035 0.086957 0.102317
2 0.636232 0.463320 0.078261 0.081081
2 0.592754 0.419884 0.095652 0.110039
2 0.636957 0.364865 0.068116 0.069498
2 0.628261 0.319498 0.062319 0.079151
2 0.634783 0.276062 0.040580 0.046332
2 0.623188 0.267375 0.040580 0.048263
2 0.607971 0.243243 0.036232 0.042471
2 0.362319 0.962355 0.208696 0.075290
2 0.369565 0.831081 0.176812 0.179537
2 0.453623 0.684363 0.153623 0.191120
2 0.368841 0.617761 0.120290 0.138996
2 0.491304 0.539575 0.098551 0.117761
2 0.507971 0.488417 0.094203 0.096525
2 0.513043 0.440154 0.084058 0.073359
2 0.528261 0.386100 0.073913 0.069498
2 0.546377 0.343629 0.066667 0.069498
2 0.550725 0.314672 0.055072 0.065637
2 0.565942 0.293436 0.056522 0.065637
2 0.556522 0.275097 0.043478 0.044402
2 0.565217 0.258687 0.043478 0.046332
2 0.563768 0.233591 0.040580 0.046332
1 0.560870 0.197876 0.040580 0.052124
2 0.567391 0.178571 0.024638 0.025097
2 0.579710 0.151544 0.026087 0.028958
2 0.368841 0.522201 0.108696 0.140927
2 0.389855 0.484556 0.086957 0.108108
2 0.397101 0.434363 0.075362 0.096525
2 0.427536 0.411197 0.063768 0.088803
2 0.435507 0.384170 0.071014 0.081081
2 0.446377 0.371622 0.072464 0.075290
2 0.445652 0.353282 0.062319 0.057915
2 0.442029 0.333012 0.049275 0.048263
2 0.459420 0.334942 0.055072 0.067568
2 0.462319 0.328185 0.055072 0.069498
2 0.471739 0.313707 0.053623 0.071429
2 0.489130 0.299228 0.047826 0.057915
2 0.454348 0.284749 0.047826 0.052124
2 0.475362 0.262548 0.046377 0.054054
2 0.474638 0.240347 0.033333 0.048263
1 0.479710 0.222973 0.069565 0.098456
4 0.521014 0.244208 0.010145 0.048263
4 0.526812 0.246139 0.013043 0.048263
2 0.493478 0.144788 0.018841 0.023166
2 0.471014 0.170849 0.017391 0.017375
2 0.450000 0.181467 0.027536 0.027027
2 0.439855 0.199807 0.030435 0.032819
2 0.046377 0.859073 0.089855 0.258687
2 0.067391 0.717181 0.131884 0.191120
2 0.168116 0.580116 0.121739 0.121622
2 0.119565 0.458494 0.097101 0.094595
2 0.225362 0.381274 0.073913 0.083012
2 0.354348 0.320463 0.059420 0.054054
2 0.357971 0.307915 0.046377 0.048263
2 0.373913 0.290541 0.057971 0.055985
1 0.389855 0.209459 0.066667 0.090734
2 0.278261 0.313707 0.060870 0.063707
2 0.280435 0.291506 0.056522 0.050193
1 0.282609 0.244208 0.075362 0.110039
1 0.278986 0.222973 0.120290 0.110039
2 0.334058 0.228764 0.030435 0.040541
2 0.353623 0.215251 0.026087 0.032819
4 0.217391 0.245174 0.011594 0.050193
4 0.209420 0.246139 0.013043 0.048263
4 0.200725 0.250000 0.010145 0.040541
4 0.036957 0.259653 0.018841 0.052124
0 0.036957 0.276062 0.010145 0.034749
4 0.036232 0.304054 0.014493 0.059846
4 0.023913 0.320463 0.036232 0.054054
