1 0.841818 0.869969 0.109091 0.210526
2 0.907273 0.862229 0.047273 0.077399
2 0.855455 0.769350 0.038182 0.052632
2 0.801818 0.662539 0.029091 0.043344
2 0.719091 0.582043 0.027273 0.043344
1 0.715455 0.534056 0.027273 0.058824
1 0.735455 0.656347 0.034545 0.068111
2 0.682727 0.642415 0.027273 0.046440
2 0.678182 0.575851 0.025455 0.043344
1 0.638182 0.575851 0.025455 0.055728
1 0.599091 0.565015 0.030909 0.058824
2 0.613636 0.613003 0.023636 0.037152
2 0.593636 0.642415 0.023636 0.027864
2 0.570000 0.589783 0.023636 0.034056
2 0.236364 0.976780 0.090909 0.046440
2 0.358182 0.846749 0.065455 0.095975
1 0.176364 0.781734 0.130909 0.182663
2 0.377273 0.626935 0.027273 0.040248
2 0.494545 0.563467 0.018182 0.030960
2 0.465455 0.540248 0.021818 0.034056
1 0.421818 0.555728 0.025455 0.058824
1 0.372727 0.557276 0.032727 0.074303
1 0.411818 0.512384 0.023636 0.046440
