2 0.727000 0.881034 0.130000 0.224138
2 0.576000 0.727586 0.096000 0.158621
2 0.451000 0.925862 0.126000 0.148276
2 0.700000 0.675862 0.072000 0.096552
2 0.719000 0.587931 0.062000 0.093103
1 0.857000 0.498276 0.074000 0.141379
1 0.739000 0.441379 0.066000 0.117241
2 0.672000 0.477586 0.036000 0.065517
2 0.475000 0.567241 0.054000 0.072414
2 0.491000 0.487931 0.038000 0.058621
2 0.381000 0.498276 0.042000 0.065517
2 0.383000 0.448276 0.034000 0.048276
2 0.435000 0.453448 0.038000 0.051724
2 0.486000 0.437931 0.036000 0.048276
2 0.376000 0.377586 0.024000 0.037931
2 0.418000 0.365517 0.024000 0.034483
2 0.534000 0.382759 0.028000 0.041379
2 0.398000 0.343103 0.024000 0.031034
2 0.511000 0.334483 0.022000 0.041379
2 0.443000 0.327586 0.022000 0.034483
2 0.373000 0.320690 0.022000 0.055172
2 0.425000 0.293103 0.022000 0.034483
2 0.960000 0.872414 0.080000 0.255172
2 0.702000 0.401724 0.032000 0.044828
2 0.185000 0.950000 0.126000 0.100000
2 0.230000 0.818966 0.092000 0.189655
2 0.106000 0.817241 0.096000 0.144828
2 0.145000 0.705172 0.078000 0.113793
2 0.262000 0.691379 0.072000 0.100000
2 0.230000 0.606897 0.068000 0.117241
2 0.065000 0.658621 0.078000 0.103448
1 0.019000 0.500000 0.034000 0.137931
2 0.015000 0.567241 0.026000 0.065517
2 0.076000 0.606897 0.056000 0.082759
2 0.073000 0.574138 0.054000 0.079310
2 0.286000 0.579310 0.052000 0.075862
2 0.208000 0.553448 0.052000 0.100000
2 0.155000 0.543103 0.046000 0.079310
2 0.286000 0.498276 0.036000 0.051724
2 0.286000 0.531034 0.036000 0.048276
2 0.181000 0.498276 0.034000 0.072414
2 0.227000 0.515517 0.042000 0.065517
2 0.144000 0.522414 0.040000 0.072414
2 0.237000 0.475862 0.038000 0.055172
2 0.310000 0.475862 0.036000 0.068966
2 0.258000 0.450000 0.036000 0.051724
2 0.166000 0.437931 0.036000 0.055172
2 0.213000 0.439655 0.034000 0.058621
2 0.186000 0.405172 0.028000 0.044828
2 0.200000 0.377586 0.028000 0.051724
2 0.317000 0.415517 0.030000 0.037931
2 0.260000 0.400000 0.028000 0.034483
2 0.295000 0.391379 0.026000 0.037931
2 0.319000 0.365517 0.022000 0.034483
2 0.249000 0.362069 0.022000 0.034483
2 0.217000 0.344828 0.022000 0.034483
