2 0.934783 0.929303 0.127536 0.133197
2 0.889855 0.843238 0.113043 0.133197
2 0.839855 0.743852 0.094203 0.118852
2 0.785507 0.703893 0.072464 0.092213
2 0.749275 0.664959 0.072464 0.075820
2 0.730435 0.643443 0.057971 0.065574
2 0.699275 0.620902 0.047826 0.057377
2 0.789130 0.976434 0.140580 0.047131
2 0.731884 0.927254 0.113043 0.125000
2 0.718841 0.829918 0.098551 0.110656
2 0.686957 0.784836 0.095652 0.106557
2 0.688406 0.728484 0.084058 0.075820
2 0.656522 0.679303 0.072464 0.096311
2 0.621014 0.665984 0.059420 0.073770
1 0.628261 0.608607 0.097101 0.127049
1 0.601449 0.584016 0.086957 0.122951
2 0.553623 0.976434 0.142029 0.047131
2 0.544203 0.824795 0.097101 0.108607
2 0.552899 0.735656 0.085507 0.106557
2 0.530435 0.702869 0.069565 0.081967
2 0.528261 0.659836 0.068116 0.061475
2 0.517391 0.622951 0.060870 0.053279
2 0.515217 0.600410 0.047826 0.045082
2 0.513768 0.586066 0.033333 0.040984
2 0.243478 0.882172 0.115942 0.133197
2 0.273188 0.812500 0.097101 0.104508
2 0.281159 0.744877 0.081159 0.084016
2 0.305072 0.719262 0.076812 0.086066
2 0.337681 0.687500 0.072464 0.079918
2 0.144203 0.739754 0.085507 0.102459
2 0.026087 0.771516 0.049275 0.096311
1 0.090580 0.650615 0.137681 0.182377
2 0.045652 0.898566 0.085507 0.153689
2 0.206522 0.701844 0.076812 0.079918
2 0.228261 0.671107 0.062319 0.079918
2 0.166667 0.642418 0.043478 0.063525
2 0.185507 0.621926 0.043478 0.059426
2 0.202899 0.614754 0.043478 0.053279
2 0.265942 0.618852 0.062319 0.069672
1 0.222464 0.602459 0.044928 0.061475
2 0.337681 0.634221 0.063768 0.047131
2 0.329710 0.660861 0.065217 0.055328
2 0.363768 0.622951 0.049275 0.069672
2 0.376087 0.615779 0.042029 0.059426
2 0.386957 0.595287 0.043478 0.067623
1 0.398551 0.587090 0.043478 0.071721
1 0.305072 0.595287 0.047826 0.055328
2 0.036232 0.939549 0.069565 0.120902
