2 0.923469 0.922222 0.144898 0.155556
2 0.866327 0.790476 0.112245 0.203175
2 0.844898 0.717460 0.093878 0.114286
2 0.885714 0.628571 0.073469 0.095238
2 0.976531 0.614286 0.046939 0.098413
2 0.771429 0.622222 0.073469 0.095238
2 0.720408 0.561905 0.061224 0.082540
2 0.782653 0.533333 0.051020 0.082540
2 0.919388 0.574603 0.055102 0.082540
2 0.903061 0.593651 0.051020 0.076190
2 0.875510 0.555556 0.048980 0.069841
2 0.684694 0.536508 0.046939 0.063492
2 0.660204 0.507937 0.059184 0.101587
2 0.752041 0.528571 0.042857 0.066667
2 0.829592 0.533333 0.038776 0.063492
2 0.858163 0.544444 0.038776 0.066667
2 0.536735 0.914286 0.134694 0.152381
2 0.331633 0.893651 0.128571 0.161905
2 0.179592 0.849206 0.118367 0.142857
2 0.201020 0.773016 0.108163 0.136508
2 0.254082 0.707937 0.095918 0.120635
2 0.386735 0.719048 0.095918 0.123810
2 0.519388 0.703175 0.091837 0.104762
2 0.533673 0.817460 0.120408 0.130159
2 0.087755 0.944444 0.159184 0.104762
2 0.410204 0.614286 0.077551 0.085714
2 0.524490 0.620635 0.081633 0.092063
2 0.289796 0.607937 0.077551 0.092063
2 0.345918 0.576190 0.059184 0.085714
2 0.317347 0.531746 0.067347 0.085714
2 0.431633 0.557143 0.067347 0.085714
2 0.532653 0.557143 0.069388 0.079365
2 0.375510 0.519048 0.040816 0.066667
2 0.440816 0.534921 0.048980 0.073016
2 0.477551 0.526984 0.036735 0.057143
2 0.521429 0.528571 0.055102 0.066667
