2 0.975789 0.878333 0.048421 0.076667
2 0.961053 0.832500 0.061053 0.068333
2 0.941053 0.760000 0.050526 0.083333
2 0.911579 0.740833 0.033684 0.045000
2 0.988421 0.775000 0.023158 0.046667
2 0.978421 0.725833 0.034737 0.048333
2 0.964211 0.705000 0.031579 0.036667
2 0.986842 0.648333 0.024211 0.030000
2 0.941053 0.630833 0.023158 0.028333
2 0.898947 0.639167 0.023158 0.031667
2 0.972105 0.621667 0.022105 0.026667
2 0.953684 0.600833 0.025263 0.035000
2 0.930000 0.617500 0.020000 0.028333
2 0.888947 0.617500 0.024211 0.025000
1 0.772632 0.640000 0.040000 0.070000
2 0.806316 0.631667 0.021053 0.026667
2 0.747368 0.681667 0.023158 0.036667
2 0.734211 0.689167 0.026316 0.035000
2 0.782632 0.709167 0.034737 0.045000
2 0.772632 0.737500 0.033684 0.048333
2 0.770526 0.769167 0.035789 0.055000
2 0.756316 0.786667 0.041053 0.053333
2 0.714737 0.723333 0.033684 0.050000
2 0.725789 0.706667 0.030526 0.043333
2 0.705789 0.679167 0.022105 0.031667
2 0.681579 0.680833 0.028421 0.048333
2 0.679474 0.705000 0.030526 0.036667
2 0.695789 0.740000 0.042105 0.036667
2 0.697895 0.761667 0.040000 0.053333
2 0.734737 0.809167 0.050526 0.065000
2 0.728421 0.840833 0.058947 0.068333
2 0.677895 0.774167 0.042105 0.058333
2 0.642105 0.752500 0.037895 0.051667
2 0.595789 0.740833 0.035789 0.038333
2 0.608947 0.763333 0.041053 0.053333
2 0.636316 0.735833 0.032632 0.045000
2 0.653684 0.810833 0.037895 0.055000
2 0.715263 0.887500 0.068421 0.081667
2 0.677368 0.928333 0.078947 0.100000
2 0.655789 0.855833 0.067368 0.098333
1 0.570526 0.865833 0.111579 0.175000
2 0.585789 0.772500 0.038947 0.048333
2 0.470000 0.845833 0.066316 0.095000
2 0.494737 0.881667 0.067368 0.083333
2 0.485789 0.972500 0.091579 0.055000
2 0.334211 0.970833 0.087368 0.058333
2 0.382105 0.878333 0.069474 0.086667
2 0.312105 0.913333 0.083158 0.110000
2 0.216316 0.957500 0.095789 0.081667
2 0.090526 0.935833 0.058947 0.065000
1 0.030000 0.773333 0.057895 0.126667
2 0.151579 0.798333 0.042105 0.050000
1 0.255789 0.729167 0.073684 0.101667
2 0.309474 0.722500 0.035789 0.048333
2 0.336316 0.691667 0.036842 0.046667
1 0.260526 0.680833 0.062105 0.078333
1 0.264211 0.639167 0.058947 0.081667
1 0.427368 0.710000 0.056842 0.093333
2 0.342105 0.626667 0.027368 0.030000
1 0.515263 0.630833 0.060000 0.098333
2 0.620000 0.726667 0.027368 0.040000
2 0.651053 0.723333 0.032632 0.046667
2 0.648421 0.679167 0.025263 0.035000
2 0.653158 0.664167 0.026316 0.031667
2 0.690526 0.650000 0.025263 0.030000
