2 0.485564 0.956221 0.083990 0.087558
2 0.391076 0.870968 0.068241 0.092166
1 0.422572 0.761521 0.055118 0.126728
2 0.480971 0.809908 0.053806 0.099078
2 0.604331 0.868664 0.064304 0.101382
2 0.593832 0.844470 0.056430 0.089862
2 0.556430 0.766129 0.047244 0.066820
2 0.525591 0.747696 0.035433 0.052995
4 0.634514 0.723502 0.017060 0.050691
3 0.635171 0.733871 0.015748 0.043779
2 0.553150 0.726959 0.030184 0.048387
2 0.461286 0.730415 0.038058 0.059908
2 0.491470 0.708525 0.038058 0.057604
2 0.536089 0.698157 0.030184 0.050691
2 0.552493 0.713134 0.034121 0.048387
2 0.526247 0.676267 0.026247 0.048387
2 0.475722 0.673963 0.032808 0.048387
2 0.430446 0.687788 0.036745 0.039171
2 0.438320 0.653226 0.028871 0.048387
2 0.479659 0.632488 0.024934 0.039171
2 0.395013 0.623272 0.023622 0.039171
2 0.372047 0.662442 0.027559 0.039171
2 0.333333 0.682028 0.034121 0.046083
2 0.282808 0.653226 0.032808 0.048387
2 0.261155 0.640553 0.026247 0.041475
2 0.337927 0.736175 0.038058 0.062212
2 0.343832 0.718894 0.034121 0.050691
2 0.314961 0.752304 0.047244 0.066820
2 0.281496 0.715438 0.040682 0.066820
2 0.259843 0.740783 0.041995 0.057604
2 0.226378 0.722350 0.040682 0.052995
2 0.236877 0.768433 0.045932 0.062212
2 0.219816 0.815668 0.053806 0.078341
2 0.271654 0.849078 0.060367 0.094470
2 0.162073 0.776498 0.048556 0.069124
1 0.136483 0.711982 0.065617 0.142857
1 0.170604 0.686636 0.060367 0.105991
2 0.148294 0.868664 0.070866 0.101382
2 0.174541 0.956221 0.089239 0.087558
2 0.084646 0.930876 0.087927 0.124424
2 0.034777 0.884793 0.066929 0.110599
2 0.083333 0.834101 0.059055 0.078341
2 0.074147 0.777650 0.048556 0.071429
