1 0.584379 0.586639 0.217573 0.405010
2 0.682706 0.598121 0.076709 0.085595
2 0.317992 0.706681 0.181311 0.227557
1 0.389121 0.548017 0.186890 0.319415
1 0.341702 0.549061 0.164575 0.250522
4 0.221757 0.653445 0.066946 0.179541
3 0.221060 0.695198 0.068340 0.154489
2 0.260809 0.612735 0.089261 0.123173
2 0.202232 0.580376 0.064156 0.108559
4 0.055788 0.648225 0.072524 0.194154
3 0.054393 0.692067 0.083682 0.169102
2 0.103208 0.646138 0.128312 0.164927
2 0.035565 0.623173 0.068340 0.156576
1 0.112273 0.544885 0.121339 0.146138
