2 0.102009 0.691832 0.200927 0.215347
4 0.269706 0.680693 0.091190 0.222772
4 0.273570 0.669554 0.077280 0.175743
3 0.276662 0.733911 0.086553 0.195545
4 0.231066 0.664604 0.057187 0.205446
3 0.220247 0.715347 0.051005 0.183168
2 0.310665 0.658416 0.102009 0.158416
2 0.368624 0.648515 0.051005 0.094059
2 0.384080 0.634901 0.047913 0.076733
2 0.431994 0.632426 0.038640 0.061881
4 0.412674 0.636139 0.027821 0.084158
3 0.413447 0.655941 0.029366 0.074257
2 0.497682 0.681931 0.139104 0.195545
2 0.613601 0.638614 0.083462 0.103960
4 0.724884 0.667079 0.080371 0.230198
3 0.729521 0.722772 0.102009 0.227723
