4 0.080668 0.802885 0.044506 0.182692
4 0.349791 0.813702 0.070932 0.233173
3 0.351878 0.882212 0.089013 0.211538
4 0.720445 0.850962 0.097357 0.274038
4 0.792072 0.846154 0.065369 0.302885
4 0.850487 0.780048 0.031989 0.151442
4 0.691933 0.772837 0.015299 0.084135
4 0.673853 0.771635 0.012517 0.076923
4 0.486092 0.746394 0.015299 0.069712
3 0.486787 0.757212 0.013908 0.052885
2 0.514604 0.734375 0.044506 0.069712
2 0.627260 0.784856 0.100139 0.132212
2 0.595967 0.724760 0.084840 0.170673
2 0.882476 0.768029 0.179416 0.132212
2 0.742003 0.746394 0.043115 0.060096
