2 0.950000 0.943989 0.100000 0.112022
2 0.826154 0.953552 0.098462 0.092896
2 0.767692 0.919399 0.138462 0.144809
2 0.848462 0.812842 0.075385 0.112022
2 0.926923 0.737705 0.053846 0.098361
2 0.825385 0.786885 0.053846 0.087432
2 0.806154 0.774590 0.046154 0.079235
2 0.784615 0.857923 0.073846 0.087432
2 0.765385 0.831967 0.063077 0.095628
2 0.742308 0.826503 0.063077 0.095628
2 0.737692 0.785519 0.069231 0.122951
2 0.709231 0.765027 0.049231 0.092896
2 0.796154 0.663934 0.096923 0.087432
2 0.833846 0.607923 0.040000 0.051913
2 0.674615 0.871585 0.084615 0.125683
2 0.650000 0.816940 0.066154 0.098361
2 0.638462 0.792350 0.064615 0.114754
2 0.595385 0.665301 0.107692 0.068306
2 0.647692 0.659836 0.089231 0.068306
2 0.700769 0.653005 0.060000 0.060109
2 0.653846 0.631148 0.080000 0.076503
1 0.668462 0.575137 0.066154 0.101093
1 0.616154 0.524590 0.050769 0.092896
2 0.571538 0.624317 0.044615 0.057377
2 0.610769 0.606557 0.046154 0.060109
2 0.590769 0.972678 0.098462 0.054645
2 0.583077 0.954918 0.095385 0.090164
2 0.583846 0.919399 0.093846 0.095628
2 0.563846 0.889344 0.078462 0.122951
2 0.556923 0.830601 0.070769 0.092896
2 0.540000 0.806011 0.058462 0.092896
2 0.553846 0.775956 0.058462 0.076503
2 0.542308 0.743169 0.060000 0.098361
2 0.503846 0.740437 0.056923 0.076503
2 0.505385 0.722678 0.060000 0.079235
2 0.492308 0.662568 0.061538 0.095628
1 0.501538 0.620219 0.070769 0.125683
2 0.440000 0.647541 0.040000 0.071038
2 0.377692 0.650273 0.044615 0.065574
1 0.377692 0.551913 0.050769 0.098361
2 0.324615 0.646175 0.046154 0.068306
1 0.332308 0.588798 0.052308 0.090164
2 0.308462 0.833333 0.072308 0.103825
2 0.283846 0.771858 0.066154 0.090164
4 0.273846 0.719945 0.018462 0.068306
0 0.270769 0.747268 0.049231 0.057377
4 0.375385 0.713115 0.021538 0.071038
4 0.378462 0.653005 0.015385 0.071038
4 0.389231 0.653005 0.015385 0.071038
4 0.410000 0.654372 0.013846 0.068306
4 0.469231 0.721311 0.015385 0.092896
4 0.659231 0.721311 0.016923 0.071038
4 0.678462 0.721311 0.015385 0.081967
4 0.817692 0.661202 0.013846 0.065574
0 0.818462 0.677596 0.015385 0.060109
