2 0.935540 0.799145 0.027875 0.037037
2 0.843206 0.776353 0.031359 0.037037
2 0.807491 0.856125 0.036585 0.048433
1 0.750871 0.665242 0.080139 0.094017
2 0.781359 0.645299 0.029617 0.031339
2 0.663763 0.693732 0.031359 0.037037
1 0.526132 0.622507 0.076655 0.094017
2 0.487805 0.558405 0.024390 0.034188
2 0.471254 0.444444 0.015679 0.022792
2 0.430314 0.500000 0.024390 0.031339
1 0.306620 0.383191 0.031359 0.048433
1 0.141986 0.970085 0.043554 0.059829
2 0.086237 0.917379 0.026132 0.039886
2 0.047909 0.841880 0.019164 0.048433
2 0.127178 0.896011 0.027875 0.042735
2 0.324042 0.854701 0.031359 0.051282
2 0.238676 0.733618 0.024390 0.042735
2 0.181185 0.646724 0.020906 0.034188
2 0.384146 0.773504 0.026132 0.031339
2 0.380662 0.740741 0.029617 0.039886
2 0.326655 0.732194 0.029617 0.039886
2 0.313589 0.720798 0.027875 0.034188
2 0.349303 0.662393 0.022648 0.031339
2 0.379791 0.686610 0.027875 0.034188
2 0.432056 0.645299 0.024390 0.037037
2 0.344948 0.612536 0.024390 0.022792
2 0.163763 0.749288 0.020906 0.028490
2 0.135889 0.831909 0.027875 0.045584
2 0.155052 0.844729 0.027875 0.037037
2 0.189024 0.813390 0.026132 0.037037
2 0.107143 0.786325 0.026132 0.039886
2 0.179443 0.754986 0.024390 0.028490
2 0.014808 0.930199 0.026132 0.042735
2 0.030488 0.947293 0.026132 0.037037
2 0.028746 0.773504 0.015679 0.037037
2 0.597561 0.457265 0.017422 0.019943
2 0.651568 0.512821 0.020906 0.022792
2 0.142857 0.589744 0.017422 0.028490
2 0.267422 0.659544 0.022648 0.025641
2 0.295296 0.648148 0.022648 0.031339
2 0.310105 0.619658 0.020906 0.019943
2 0.344948 0.588319 0.024390 0.031339
2 0.385889 0.628205 0.022648 0.031339
2 0.534843 0.515670 0.020906 0.034188
2 0.637631 0.427350 0.017422 0.017094
2 0.701220 0.400285 0.015679 0.025641
2 0.676829 0.465812 0.019164 0.019943
2 0.630662 0.467236 0.017422 0.022792
2 0.623693 0.458689 0.017422 0.022792
