2 0.948944 0.667708 0.099765 0.068750
2 0.833920 0.670833 0.118545 0.066667
2 0.751174 0.655208 0.044601 0.031250
2 0.712441 0.645833 0.035211 0.025000
2 0.674296 0.703125 0.153756 0.110417
1 0.606808 0.637500 0.053991 0.045833
1 0.552817 0.642708 0.046948 0.035417
2 0.457160 0.659375 0.034038 0.035417
2 0.438380 0.647917 0.017606 0.020833
2 0.410798 0.643750 0.014085 0.025000
2 0.377347 0.691667 0.083333 0.083333
1 0.239437 0.643750 0.051643 0.041667
1 0.308099 0.642708 0.017606 0.022917
2 0.118545 0.667708 0.044601 0.031250
2 0.057512 0.745833 0.112676 0.175000
