4 0.102143 0.841542 0.035714 0.167024
4 0.144286 0.850107 0.040000 0.149893
4 0.202857 0.859743 0.034286 0.139186
4 0.374286 0.796574 0.020000 0.089936
4 0.359286 0.798715 0.021429 0.081370
4 0.444286 0.798715 0.028571 0.098501
4 0.482857 0.797645 0.017143 0.092077
4 0.518571 0.799786 0.022857 0.096360
4 0.602143 0.795503 0.021429 0.087794
4 0.628571 0.849036 0.054286 0.160600
0 0.627143 0.892934 0.122857 0.111349
4 0.674286 0.796574 0.031429 0.094218
4 0.782143 0.797645 0.024286 0.096360
4 0.832857 0.793362 0.017143 0.083512
4 0.930000 0.793362 0.014286 0.070664
4 0.910714 0.797645 0.018571 0.096360
4 0.951429 0.786938 0.017143 0.066381
