2 0.842136 0.698958 0.137324 0.097917
2 0.874413 0.656250 0.119718 0.083333
2 0.686620 0.600000 0.072770 0.070833
4 0.841549 0.513542 0.009390 0.043750
2 0.693662 0.537500 0.046948 0.054167
2 0.607981 0.542708 0.042254 0.052083
2 0.582746 0.455208 0.024648 0.031250
2 0.549296 0.464583 0.025822 0.045833
2 0.488263 0.409375 0.018779 0.031250
2 0.475939 0.380208 0.015258 0.027083
2 0.445423 0.393750 0.019953 0.033333
2 0.426056 0.429167 0.021127 0.033333
2 0.416080 0.444792 0.024648 0.039583
2 0.409038 0.477083 0.026995 0.041667
2 0.399648 0.497917 0.026995 0.041667
2 0.390258 0.519792 0.034038 0.047917
2 0.376761 0.550000 0.039906 0.058333
2 0.504108 0.537500 0.034038 0.058333
2 0.458333 0.564583 0.038732 0.066667
2 0.518779 0.625000 0.049296 0.100000
2 0.377347 0.468750 0.029343 0.037500
2 0.366784 0.480208 0.029343 0.047917
2 0.354460 0.505208 0.035211 0.047917
2 0.339202 0.531250 0.037559 0.054167
2 0.322183 0.564583 0.041080 0.070833
2 0.353873 0.592708 0.045775 0.077083
1 0.288146 0.585417 0.057512 0.120833
1 0.246479 0.550000 0.115023 0.162500
4 0.209507 0.507292 0.010563 0.052083
2 0.387911 0.768750 0.066901 0.141667
2 0.522887 0.889583 0.106808 0.212500
