2 0.195747 0.449838 0.290799 0.372168
2 0.024740 0.440939 0.047743 0.244337
2 0.059896 0.442557 0.118056 0.215210
2 0.428819 0.398058 0.225694 0.330097
2 0.572483 0.419903 0.150174 0.224919
2 0.753038 0.411812 0.110243 0.163430
2 0.926215 0.387540 0.145833 0.228155
2 0.279514 0.308252 0.081597 0.101942
2 0.351562 0.335761 0.076389 0.105178
2 0.271701 0.236246 0.090278 0.119741
2 0.095052 0.250000 0.105035 0.137540
2 0.285590 0.120550 0.067708 0.056634
2 0.213542 0.110841 0.039931 0.056634
2 0.243056 0.114078 0.027778 0.050162
2 0.585938 0.167476 0.074653 0.063107
2 0.638455 0.198220 0.063368 0.088997
