2 0.371354 0.802778 0.507292 0.388889
2 0.080208 0.688194 0.158333 0.340278
2 0.168750 0.695833 0.147917 0.188889
2 0.388542 0.686111 0.258333 0.208333
2 0.917188 0.802778 0.165625 0.377778
2 0.827083 0.688889 0.345833 0.352778
2 0.711979 0.650000 0.165625 0.255556
4 0.631250 0.602778 0.029167 0.061111
2 0.626563 0.600000 0.032292 0.047222
2 0.604167 0.593750 0.039583 0.051389
2 0.570312 0.596528 0.030208 0.031944
2 0.482292 0.598611 0.020833 0.022222
2 0.163542 0.602083 0.045833 0.026389
2 0.198437 0.599306 0.034375 0.026389
2 0.247917 0.598611 0.020833 0.019444
