2 0.946250 0.895050 0.105000 0.142574
2 0.643125 0.926733 0.116250 0.146535
2 0.612500 0.826733 0.092500 0.140594
2 0.589375 0.761386 0.078750 0.104950
2 0.743125 0.793069 0.086250 0.116832
2 0.818750 0.704950 0.060000 0.083168
2 0.789375 0.666337 0.061250 0.069307
2 0.747500 0.640594 0.050000 0.077228
2 0.684375 0.700990 0.066250 0.079208
2 0.630625 0.625743 0.056250 0.075248
2 0.569375 0.608911 0.053750 0.069307
2 0.559375 0.583168 0.043750 0.065347
2 0.652500 0.604950 0.055000 0.085149
2 0.696875 0.562376 0.041250 0.051485
2 0.660625 0.528713 0.043750 0.059406
2 0.432500 0.606931 0.060000 0.104950
2 0.357500 0.589109 0.050000 0.061386
1 0.291250 0.499010 0.095000 0.146535
1 0.238750 0.577228 0.107500 0.168317
1 0.071250 0.652475 0.115000 0.196040
2 0.195000 0.736634 0.090000 0.126733
2 0.263125 0.687129 0.066250 0.095050
2 0.411875 0.754455 0.076250 0.102970
2 0.268125 0.799010 0.083750 0.116832
2 0.366875 0.896040 0.113750 0.192079
2 0.196875 0.819802 0.093750 0.126733
2 0.059375 0.847525 0.096250 0.142574
4 0.506875 0.326733 0.016250 0.051485
