2 0.235833 0.842500 0.468333 0.315000
2 0.392500 0.862500 0.405000 0.275000
2 0.548333 0.866250 0.233333 0.267500
2 0.690833 0.857500 0.258333 0.285000
2 0.747500 0.811250 0.178333 0.187500
2 0.814167 0.773750 0.211667 0.222500
2 0.842500 0.905000 0.311667 0.190000
2 0.103333 0.780000 0.203333 0.225000
2 0.288333 0.740000 0.186667 0.195000
2 0.480000 0.762500 0.186667 0.190000
2 0.610000 0.716250 0.103333 0.132500
2 0.687500 0.746250 0.121667 0.137500
1 0.884167 0.683750 0.085000 0.137500
2 0.871667 0.743750 0.136667 0.157500
