1 0.625595 0.809430 0.103571 0.239686
1 0.535714 0.818271 0.078571 0.170923
2 0.494643 0.880157 0.072619 0.094303
2 0.421429 0.865422 0.054762 0.068762
2 0.436905 0.853635 0.057143 0.084479
2 0.466667 0.849705 0.019048 0.029470
2 0.063690 0.847741 0.067857 0.076621
2 0.180357 0.846758 0.034524 0.043222
2 0.217262 0.844794 0.039286 0.051081
2 0.243452 0.839882 0.036905 0.049116
1 0.264881 0.822200 0.044048 0.096267
1 0.283929 0.822200 0.034524 0.076621
2 0.303571 0.842829 0.019048 0.031434
2 0.336310 0.848723 0.029762 0.031434
2 0.360119 0.849705 0.025000 0.029470
1 0.320238 0.816306 0.040476 0.084479
1 0.352381 0.818271 0.026190 0.056974
2 0.389286 0.841847 0.023810 0.037328
1 0.370238 0.818271 0.026190 0.060904
