2 0.784330 0.876093 0.121163 0.148688
2 0.557351 0.884840 0.103393 0.125364
2 0.618740 0.908163 0.058158 0.084548
2 0.502423 0.895044 0.071082 0.110787
2 0.482229 0.916910 0.050081 0.067055
1 0.535541 0.832362 0.088853 0.166181
2 0.407916 0.876093 0.111470 0.142857
1 0.328756 0.839650 0.098546 0.209913
2 0.368336 0.740525 0.029079 0.046647
2 0.336834 0.685131 0.024233 0.034985
2 0.262520 0.782799 0.033926 0.043732
2 0.268982 0.846939 0.040388 0.055394
2 0.063005 0.755102 0.038772 0.058309
2 0.015347 0.769679 0.027464 0.052478
2 0.034733 0.717201 0.037157 0.052478
2 0.069467 0.634111 0.022617 0.037901
