2 0.726238 0.966216 0.097724 0.067568
2 0.707497 0.947072 0.078983 0.105856
2 0.680723 0.854730 0.065596 0.119369
2 0.659304 0.825450 0.062918 0.083333
2 0.663320 0.809685 0.054886 0.078829
1 0.660643 0.721847 0.089692 0.168919
2 0.601740 0.688063 0.046854 0.065315
1 0.640562 0.639640 0.068273 0.148649
2 0.561580 0.980856 0.078983 0.038288
2 0.579652 0.968468 0.082999 0.063063
2 0.574297 0.939189 0.082999 0.081081
2 0.564257 0.890766 0.070950 0.096847
2 0.558233 0.835586 0.066934 0.090090
2 0.562918 0.798423 0.054886 0.065315
2 0.545515 0.750000 0.046854 0.090090
2 0.560910 0.658784 0.048193 0.065315
2 0.548193 0.643018 0.044177 0.069820
2 0.552209 0.587838 0.036145 0.045045
2 0.529451 0.568694 0.033467 0.056306
2 0.388220 0.974099 0.093708 0.051802
2 0.414324 0.958333 0.084337 0.083333
2 0.420348 0.934685 0.082999 0.099099
1 0.435074 0.838964 0.093708 0.150901
2 0.452477 0.757883 0.069612 0.074324
2 0.455823 0.701577 0.062918 0.074324
2 0.471888 0.659910 0.057564 0.072072
2 0.205489 0.992117 0.065596 0.015766
2 0.236948 0.960586 0.093708 0.078829
2 0.253681 0.944820 0.078983 0.110360
2 0.267068 0.859234 0.129853 0.227477
2 0.324632 0.894144 0.057564 0.090090
1 0.309237 0.791667 0.104418 0.200450
2 0.352744 0.783784 0.046854 0.081081
2 0.356091 0.743243 0.048193 0.076577
2 0.358099 0.689189 0.049531 0.076577
2 0.386212 0.679054 0.049531 0.074324
1 0.377510 0.638514 0.077644 0.123874
2 0.406292 0.635135 0.046854 0.076577
2 0.406292 0.573198 0.052209 0.074324
1 0.431727 0.514640 0.052209 0.083333
4 0.062918 0.958333 0.029451 0.078829
3 0.062918 0.979730 0.029451 0.040541
4 0.108434 0.912162 0.024096 0.103604
3 0.109103 0.922297 0.025435 0.083333
4 0.143909 0.934685 0.030790 0.117117
