4 0.948462 0.920765 0.053846 0.158470
4 0.858462 0.913934 0.052308 0.172131
0 0.859231 0.971311 0.053846 0.057377
2 0.874615 0.912568 0.127692 0.120219
2 0.826154 0.896175 0.061538 0.125683
4 0.745385 0.896175 0.029231 0.131148
0 0.744615 0.931694 0.027692 0.087432
4 0.722308 0.874317 0.013846 0.076503
4 0.709231 0.864754 0.012308 0.090164
4 0.690769 0.875683 0.021538 0.095628
0 0.690000 0.904372 0.023077 0.071038
4 0.665385 0.856557 0.010769 0.073770
4 0.653077 0.859290 0.010769 0.068306
4 0.641538 0.849727 0.012308 0.060109
4 0.622308 0.886612 0.029231 0.112022
3 0.623077 0.909836 0.036923 0.092896
2 0.552308 0.879781 0.104615 0.180328
2 0.514615 0.840164 0.026154 0.040984
4 0.496154 0.836066 0.010769 0.049180
2 0.482308 0.831967 0.020000 0.040984
4 0.435385 0.836066 0.009231 0.049180
4 0.380000 0.846995 0.012308 0.060109
4 0.364615 0.846995 0.012308 0.060109
2 0.206923 0.831967 0.041538 0.035519
4 0.116154 0.911202 0.047692 0.177596
0 0.116923 0.948087 0.046154 0.103825
4 0.071538 0.915301 0.032308 0.169399
4 0.988462 0.919399 0.023077 0.161202
