2 0.974178 0.833333 0.051643 0.120833
4 0.974178 0.783333 0.028169 0.116667
2 0.910798 0.803125 0.152582 0.139583
4 0.862089 0.792708 0.012911 0.072917
4 0.793427 0.807292 0.014085 0.077083
2 0.720657 0.817708 0.122066 0.106250
2 0.606221 0.828125 0.073944 0.077083
4 0.558099 0.834375 0.010563 0.047917
2 0.492958 0.833333 0.061033 0.062500
4 0.462441 0.837500 0.009390 0.041667
2 0.419014 0.835417 0.072770 0.083333
2 0.370305 0.833333 0.022300 0.041667
2 0.338615 0.840625 0.041080 0.052083
2 0.298122 0.846875 0.032864 0.039583
4 0.276995 0.840625 0.014085 0.052083
3 0.276408 0.853125 0.012911 0.043750
2 0.230634 0.846875 0.080986 0.093750
4 0.184272 0.838542 0.030516 0.164583
