2 0.947077 0.893617 0.103831 0.212766
2 0.806452 0.704255 0.387097 0.582979
2 0.644657 0.508511 0.710685 0.600000
2 0.352319 0.504255 0.323589 0.404255
2 0.310484 0.498936 0.312500 0.423404
2 0.211190 0.428723 0.420363 0.342553
4 0.572581 0.615957 0.155242 0.759574
4 0.415323 0.775532 0.189516 0.448936
4 0.149698 0.561702 0.230847 0.872340
4 0.088206 0.527660 0.111895 0.736170
4 0.062500 0.534043 0.068548 0.587234
4 0.012097 0.419149 0.022177 0.374468
4 0.668347 0.656383 0.159274 0.687234
4 0.958669 0.325532 0.062500 0.382979
