4 0.879333 0.854400 0.078667 0.284800
4 0.518000 0.818400 0.092000 0.347200
4 0.309333 0.854400 0.082667 0.272000
4 0.418000 0.869600 0.076000 0.254400
4 0.249333 0.817600 0.021333 0.070400
4 0.228667 0.815200 0.020000 0.065600
4 0.216000 0.808000 0.021333 0.064000
4 0.754667 0.814400 0.050667 0.172800
4 0.722000 0.829600 0.038667 0.152000
4 0.684000 0.812000 0.034667 0.120000
4 0.639333 0.812800 0.033333 0.121600
4 0.800000 0.824800 0.026667 0.097600
4 0.834000 0.835200 0.033333 0.086400
4 0.600000 0.817600 0.018667 0.057600
4 0.481333 0.811200 0.024000 0.067200
