4 0.632060 0.731667 0.177741 0.536667
4 0.332226 0.544167 0.139535 0.381667
4 0.051495 0.617500 0.099668 0.455000
4 0.089701 0.528333 0.073090 0.263333
4 0.189369 0.514167 0.069767 0.201667
4 0.271595 0.497500 0.078073 0.215000
4 0.455150 0.519167 0.069767 0.235000
4 0.413621 0.506667 0.056478 0.213333
4 0.509136 0.514167 0.071429 0.195000
4 0.580565 0.495000 0.068106 0.206667
4 0.656977 0.487500 0.061462 0.195000
4 0.747508 0.505000 0.056478 0.210000
4 0.794020 0.494167 0.046512 0.148333
4 0.833056 0.475000 0.048173 0.146667
4 0.879568 0.479167 0.044850 0.121667
4 0.974252 0.476667 0.041528 0.123333
