4 0.686957 0.720482 0.095652 0.390361
4 0.528986 0.726506 0.130435 0.383133
4 0.495652 0.704819 0.078261 0.387952
4 0.339855 0.698795 0.047826 0.168675
4 0.558696 0.718072 0.065217 0.366265
4 0.618116 0.700000 0.039130 0.195181
4 0.437681 0.730120 0.037681 0.086747
4 0.379710 0.695181 0.026087 0.113253
4 0.392754 0.696386 0.026087 0.115663
4 0.288406 0.696386 0.023188 0.081928
4 0.097101 0.691566 0.020290 0.096386
4 0.015942 0.691566 0.023188 0.096386
4 0.890580 0.728916 0.024638 0.098795
4 0.643478 0.738554 0.026087 0.113253
