2 0.945471 0.786420 0.109057 0.071605
2 0.801294 0.817284 0.168207 0.202469
2 0.685767 0.814815 0.103512 0.098765
2 0.551756 0.851852 0.168207 0.172840
1 0.565619 0.776543 0.114603 0.140741
2 0.472274 0.790123 0.038817 0.049383
2 0.484288 0.781481 0.025878 0.037037
2 0.426063 0.796296 0.042514 0.051852
1 0.454713 0.755556 0.036969 0.054321
1 0.413124 0.761728 0.031423 0.066667
2 0.365989 0.811111 0.048059 0.066667
2 0.345656 0.822222 0.073937 0.088889
2 0.273567 0.833333 0.129390 0.170370
2 0.119224 0.813580 0.072089 0.056790
2 0.018484 0.817284 0.033272 0.069136
1 0.200555 0.787654 0.049908 0.074074
