2 0.853370 0.809942 0.176685 0.216374
2 0.698543 0.666667 0.132969 0.239766
2 0.775956 0.418129 0.076503 0.093567
2 0.725865 0.407895 0.041894 0.061404
1 0.758652 0.369883 0.060109 0.090643
2 0.829690 0.403509 0.056466 0.064327
1 0.925319 0.362573 0.145719 0.239766
1 0.647541 0.387427 0.060109 0.096491
2 0.560109 0.390351 0.074681 0.108187
2 0.430783 0.404971 0.056466 0.078947
2 0.449909 0.383041 0.043716 0.081871
2 0.503643 0.385965 0.045537 0.070175
2 0.386157 0.383041 0.072860 0.140351
2 0.411658 0.426901 0.069217 0.105263
2 0.441712 0.478070 0.118397 0.160819
2 0.412568 0.673977 0.143898 0.213450
2 0.367942 0.847953 0.178506 0.304094
2 0.121129 0.862573 0.176685 0.274854
2 0.269581 0.437135 0.102004 0.178363
1 0.292350 0.366959 0.100182 0.219298
1 0.355191 0.301170 0.134791 0.134503
1 0.173042 0.345029 0.127505 0.228070
