2 0.990937 0.692157 0.018127 0.062745
2 0.785498 0.477451 0.030211 0.029412
4 0.914653 0.867647 0.025680 0.068627
4 0.888218 0.779412 0.021148 0.052941
2 0.648792 0.563725 0.022659 0.029412
2 0.663897 0.570588 0.031722 0.039216
2 0.674471 0.598039 0.034743 0.035294
4 0.624622 0.579412 0.010574 0.029412
2 0.687311 0.693137 0.039275 0.049020
2 0.704683 0.737255 0.049849 0.054902
2 0.703927 0.784314 0.042296 0.050980
2 0.735650 0.803922 0.054381 0.070588
2 0.761329 0.785294 0.048338 0.056863
2 0.771148 0.827451 0.055891 0.062745
2 0.740181 0.850980 0.063444 0.070588
2 0.778701 0.872549 0.067976 0.070588
4 0.672205 0.953922 0.027190 0.092157
2 0.546828 0.968627 0.099698 0.062745
2 0.555891 0.946078 0.084592 0.084314
2 0.557402 0.886275 0.069486 0.074510
2 0.503776 0.853922 0.061934 0.060784
2 0.564199 0.804902 0.052870 0.052941
4 0.589124 0.740196 0.018127 0.041176
2 0.547583 0.748039 0.043807 0.041176
2 0.515106 0.736275 0.039275 0.041176
2 0.518882 0.723529 0.031722 0.031373
2 0.530967 0.692157 0.031722 0.031373
2 0.589124 0.682353 0.051360 0.031373
1 0.478852 0.669608 0.042296 0.064706
2 0.404834 0.682353 0.024169 0.035294
4 0.416918 0.686275 0.012085 0.031373
2 0.447130 0.703922 0.030211 0.027451
2 0.441088 0.719608 0.027190 0.031373
2 0.432779 0.729412 0.034743 0.039216
2 0.464502 0.733333 0.037764 0.039216
2 0.458459 0.745098 0.031722 0.039216
2 0.429758 0.757843 0.046828 0.049020
4 0.370846 0.811765 0.019637 0.058824
3 0.373112 0.827451 0.018127 0.043137
2 0.397281 0.849020 0.063444 0.066667
2 0.355740 0.887255 0.070997 0.084314
1 0.268882 0.909804 0.129909 0.180392
4 0.145015 0.956863 0.030211 0.078431
0 0.145015 0.978431 0.030211 0.043137
2 0.052870 0.964706 0.084592 0.070588
2 0.097432 0.934314 0.077039 0.080392
2 0.181269 0.871569 0.069486 0.064706
2 0.219789 0.842157 0.049849 0.056863
2 0.228852 0.832353 0.043807 0.052941
2 0.264350 0.803922 0.048338 0.054902
2 0.283988 0.791176 0.045317 0.049020
2 0.311934 0.751961 0.043807 0.049020
2 0.333837 0.747059 0.036254 0.043137
2 0.342900 0.724510 0.033233 0.049020
2 0.364804 0.727451 0.028701 0.035294
2 0.380665 0.697059 0.027190 0.037255
4 0.946375 0.950000 0.028701 0.100000
4 0.975831 0.954902 0.027190 0.090196
2 0.423716 0.655882 0.034743 0.033333
2 0.443353 0.682353 0.028701 0.039216
