2 0.831176 0.912134 0.168235 0.158996
2 0.572353 0.894351 0.144706 0.202929
2 0.317647 0.902720 0.124706 0.194561
2 0.471176 0.900628 0.083529 0.119247
2 0.441176 0.893305 0.051765 0.104603
2 0.947647 0.864017 0.104706 0.104603
2 0.977647 0.872385 0.044706 0.079498
2 0.696471 0.873431 0.047059 0.043933
2 0.742941 0.875523 0.038824 0.060669
2 0.136471 0.913180 0.040000 0.048117
2 0.201765 0.906904 0.034118 0.039749
2 0.351765 0.913180 0.068235 0.115063
4 0.410000 0.907950 0.031765 0.096234
2 0.076471 0.912134 0.061176 0.041841
3 0.410000 0.924686 0.024706 0.075314
2 0.952941 0.839958 0.094118 0.110879
