2 0.947368 0.905660 0.105263 0.176101
2 0.896382 0.830189 0.108553 0.176101
2 0.967105 0.688679 0.065789 0.144654
2 0.809211 0.679245 0.098684 0.150943
2 0.916118 0.622642 0.095395 0.138365
2 0.856908 0.550314 0.069079 0.119497
2 0.904605 0.440252 0.072368 0.138365
2 0.745066 0.559748 0.082237 0.125786
2 0.699013 0.506289 0.075658 0.132075
2 0.562500 0.493711 0.065789 0.119497
2 0.592105 0.553459 0.078947 0.125786
2 0.626645 0.606918 0.095395 0.144654
2 0.652961 0.682390 0.101974 0.157233
2 0.511513 0.770440 0.115132 0.169811
2 0.473684 0.600629 0.098684 0.169811
2 0.462171 0.547170 0.082237 0.113208
2 0.458882 0.500000 0.075658 0.119497
2 0.462171 0.459119 0.062500 0.088050
2 0.325658 0.720126 0.098684 0.182390
2 0.320724 0.531447 0.082237 0.119497
2 0.320724 0.465409 0.069079 0.100629
2 0.319079 0.433962 0.065789 0.100629
2 0.207237 0.440252 0.072368 0.125786
2 0.044408 0.632075 0.082237 0.144654
2 0.064145 0.522013 0.082237 0.113208
2 0.077303 0.459119 0.069079 0.125786
2 0.095395 0.415094 0.078947 0.138365
