2 0.564597 0.958025 0.152685 0.083951
2 0.596477 0.809877 0.109060 0.066667
1 0.286074 0.783333 0.172819 0.137037
1 0.505872 0.741975 0.139262 0.118519
1 0.565436 0.711111 0.104027 0.091358
1 0.579698 0.673457 0.122483 0.075309
2 0.668624 0.708025 0.078859 0.040741
2 0.796980 0.696296 0.060403 0.039506
2 0.843960 0.666667 0.046980 0.027160
2 0.972315 0.645062 0.041946 0.028395
1 0.765940 0.637654 0.062081 0.050617
2 0.687919 0.638889 0.040268 0.020988
1 0.833893 0.610494 0.043624 0.040741
1 0.787752 0.622222 0.052013 0.044444
2 0.883389 0.615432 0.028523 0.018519
4 0.406879 0.738889 0.031879 0.043210
4 0.146812 0.772222 0.021812 0.045679
4 0.166946 0.767901 0.021812 0.044444
4 0.182886 0.764815 0.020134 0.045679
4 0.054530 0.773457 0.025168 0.055556
