2 0.936923 0.817052 0.126154 0.241563
2 0.507692 0.824156 0.126154 0.124334
2 0.294615 0.823268 0.115385 0.094139
2 0.610000 0.775311 0.087692 0.104796
2 0.766923 0.784192 0.100000 0.090586
2 0.131538 0.824156 0.133846 0.092362
2 0.041538 0.810835 0.070769 0.083481
2 0.243077 0.762877 0.089231 0.094139
2 0.333077 0.733570 0.069231 0.063943
1 0.390769 0.674067 0.132308 0.111901
2 0.533846 0.765542 0.070769 0.081705
2 0.496154 0.712256 0.081538 0.063943
2 0.483077 0.762877 0.061538 0.072824
2 0.714615 0.766430 0.078462 0.065719
