2 0.978538 0.794559 0.042923 0.129456
2 0.958237 0.754221 0.071926 0.090056
4 0.907773 0.747655 0.022042 0.088180
4 0.896172 0.750469 0.017401 0.082552
4 0.885731 0.753283 0.017401 0.073171
2 0.759861 0.744841 0.053364 0.097561
2 0.719258 0.773921 0.071926 0.110694
2 0.665313 0.781426 0.124130 0.170732
2 0.537123 0.753283 0.081206 0.118199
2 0.490719 0.746717 0.071926 0.105066
2 0.453016 0.734522 0.068445 0.099437
2 0.412413 0.742964 0.045244 0.067542
2 0.366009 0.752345 0.082367 0.097561
2 0.330626 0.746717 0.053364 0.093809
2 0.311485 0.734522 0.054524 0.091932
4 0.230858 0.743902 0.013921 0.065666
4 0.201276 0.742026 0.017401 0.069418
4 0.071926 0.749531 0.011601 0.069418
4 0.065545 0.749531 0.015081 0.061914
2 0.089907 0.756098 0.033643 0.045028
