2 0.953750 0.827787 0.092500 0.088186
2 0.838750 0.762063 0.112500 0.073211
2 0.923750 0.728785 0.102500 0.059900
2 0.906250 0.704659 0.092500 0.054908
2 0.777500 0.712978 0.090000 0.054908
2 0.822500 0.687188 0.090000 0.049917
2 0.730000 0.677205 0.070000 0.046589
2 0.671250 0.653910 0.067500 0.039933
4 0.631250 0.631448 0.027500 0.034942
4 0.612500 0.631448 0.015000 0.031614
1 0.692500 0.623960 0.085000 0.066556
1 0.803750 0.643927 0.137500 0.089850
4 0.882500 0.635607 0.020000 0.036606
4 0.925000 0.658902 0.020000 0.043261
4 0.930000 0.635607 0.020000 0.033278
1 0.840000 0.603993 0.095000 0.066556
1 0.641250 0.591514 0.072500 0.054908
2 0.592500 0.574875 0.025000 0.014975
1 0.521250 0.546589 0.042500 0.028286
2 0.500000 0.569884 0.030000 0.021631
2 0.542500 0.603993 0.050000 0.029950
4 0.587500 0.653910 0.015000 0.036606
2 0.513750 0.951747 0.192500 0.096506
2 0.537500 0.751248 0.115000 0.061564
2 0.502500 0.622296 0.055000 0.026622
2 0.473750 0.590682 0.032500 0.023295
2 0.446250 0.567388 0.032500 0.016639
1 0.428750 0.554908 0.037500 0.024958
2 0.426250 0.599834 0.042500 0.024958
1 0.376250 0.587354 0.052500 0.049917
1 0.357500 0.604825 0.115000 0.064892
2 0.397500 0.628120 0.055000 0.028286
4 0.351250 0.660566 0.027500 0.043261
4 0.177500 0.663062 0.030000 0.044925
2 0.317500 0.688020 0.075000 0.048253
2 0.280000 0.750416 0.105000 0.066556
2 0.252500 0.940932 0.180000 0.118136
2 0.078750 0.916805 0.152500 0.113145
4 0.561250 0.653910 0.027500 0.039933
