2 0.413392 0.831092 0.078603 0.068908
2 0.434498 0.754622 0.050946 0.053782
2 0.371907 0.720168 0.045124 0.042017
2 0.259825 0.714286 0.039301 0.043697
2 0.302038 0.703361 0.039301 0.042017
2 0.349345 0.682353 0.029112 0.036975
2 0.257642 0.656303 0.037846 0.031933
4 0.598253 0.807563 0.023290 0.065546
4 0.657933 0.805042 0.023290 0.063866
4 0.826783 0.876471 0.029112 0.062185
4 0.880640 0.902521 0.032023 0.087395
2 0.271470 0.889076 0.077147 0.087395
2 0.248908 0.822689 0.069869 0.072269
2 0.227074 0.782353 0.058224 0.058824
2 0.214702 0.747059 0.045124 0.045378
2 0.200873 0.731092 0.040757 0.036975
2 0.185590 0.714286 0.036390 0.036975
2 0.193595 0.684874 0.037846 0.038655
2 0.303493 0.970588 0.100437 0.055462
2 0.190684 0.988235 0.104803 0.023529
2 0.168122 0.922689 0.080058 0.094118
2 0.152111 0.862185 0.065502 0.080672
2 0.144833 0.801681 0.059680 0.057143
2 0.149927 0.763866 0.046579 0.042017
2 0.148472 0.739496 0.037846 0.036975
2 0.131004 0.726891 0.043668 0.045378
2 0.139738 0.704202 0.034934 0.040336
2 0.149199 0.674790 0.033479 0.038655
2 0.037846 0.752101 0.046579 0.058824
2 0.066958 0.700000 0.040757 0.045378
2 0.076419 0.677311 0.033479 0.036975
1 0.089520 0.638655 0.042213 0.050420
2 0.016012 0.696639 0.029112 0.038655
4 0.692868 0.809244 0.017467 0.052101
