2 0.954128 0.821727 0.091743 0.083565
4 0.853211 0.764624 0.022018 0.064067
3 0.853211 0.798050 0.025688 0.058496
4 0.743119 0.768802 0.022018 0.100279
4 0.754128 0.714485 0.022018 0.086351
2 0.738532 0.640669 0.045872 0.061281
2 0.650459 0.642061 0.045872 0.069638
2 0.648624 0.589136 0.053211 0.064067
1 0.460550 0.516713 0.040367 0.080780
2 0.485321 0.548747 0.042202 0.061281
2 0.492661 0.571031 0.045872 0.061281
2 0.507339 0.597493 0.045872 0.052925
2 0.540367 0.639276 0.045872 0.064067
2 0.552294 0.696379 0.058716 0.083565
2 0.641284 0.883008 0.093578 0.111421
2 0.465138 0.807799 0.082569 0.100279
2 0.370642 0.844011 0.084404 0.116992
2 0.322018 0.636490 0.056881 0.080780
2 0.308257 0.575209 0.033028 0.052925
2 0.366055 0.582173 0.038532 0.055710
2 0.435780 0.579387 0.034862 0.050139
2 0.406422 0.529248 0.031193 0.044568
4 0.288991 0.756267 0.020183 0.091922
4 0.275229 0.743733 0.018349 0.083565
4 0.265138 0.753482 0.016514 0.080780
4 0.255046 0.756267 0.018349 0.097493
2 0.063303 0.991643 0.078899 0.016713
2 0.152294 0.869081 0.088073 0.105850
2 0.183486 0.756267 0.073394 0.091922
2 0.213761 0.736769 0.060550 0.080780
2 0.180734 0.643454 0.053211 0.072423
2 0.244954 0.525070 0.042202 0.047354
2 0.205505 0.467967 0.036697 0.050139
1 0.113761 0.465181 0.036697 0.077994
2 0.070642 0.572423 0.045872 0.069638
2 0.122936 0.685237 0.066055 0.077994
2 0.113761 0.738162 0.058716 0.077994
1 0.037615 0.729805 0.060550 0.194986
2 0.216514 0.658774 0.055046 0.064067
