2 0.923333 0.882943 0.151111 0.234114
2 0.898889 0.852007 0.040000 0.061873
2 0.871111 0.824415 0.040000 0.056856
2 0.840556 0.849498 0.050000 0.070234
2 0.855000 0.837793 0.023333 0.036789
2 0.768333 0.874582 0.134444 0.200669
2 0.665556 0.865385 0.086667 0.125418
2 0.640000 0.852007 0.048889 0.068562
1 0.652778 0.811873 0.052222 0.048495
2 0.537778 0.879599 0.153333 0.183946
2 0.483889 0.831940 0.063333 0.068562
2 0.439444 0.864548 0.107778 0.100334
1 0.382222 0.832776 0.053333 0.093645
2 0.359444 0.852843 0.070000 0.070234
1 0.297778 0.816054 0.166667 0.143813
2 0.263333 0.844482 0.111111 0.117057
2 0.199444 0.868729 0.076667 0.098662
2 0.130000 0.885452 0.224444 0.182274
2 0.075556 0.858696 0.148889 0.145485
