2 0.937919 0.932432 0.124161 0.129129
2 0.724832 0.942943 0.127517 0.102102
2 0.439597 0.920420 0.120805 0.099099
2 0.699664 0.837838 0.083893 0.090090
2 0.835570 0.819820 0.087248 0.090090
2 0.917785 0.804805 0.097315 0.066066
2 0.971477 0.852853 0.057047 0.072072
2 0.510067 0.849850 0.093960 0.072072
2 0.627517 0.813814 0.080537 0.060060
2 0.484899 0.813814 0.090604 0.072072
2 0.600671 0.770270 0.067114 0.069069
2 0.659396 0.708709 0.063758 0.054054
2 0.942953 0.723724 0.067114 0.048048
1 0.318792 0.729730 0.114094 0.126126
2 0.085570 0.822823 0.110738 0.072072
2 0.459732 0.752252 0.067114 0.057057
