2 0.785617 0.782430 0.097693 0.142857
2 0.932836 0.850575 0.134328 0.180624
2 0.863636 0.728243 0.109905 0.110016
2 0.956581 0.711823 0.086839 0.090312
2 0.953867 0.677340 0.081411 0.067323
2 0.902307 0.634647 0.081411 0.073892
2 0.959294 0.614122 0.065129 0.065681
2 0.805292 0.615764 0.077341 0.068966
2 0.839213 0.586207 0.069199 0.068966
2 0.937585 0.587028 0.059701 0.050903
2 0.902985 0.564860 0.052917 0.059113
2 0.877205 0.547619 0.047490 0.050903
2 0.848033 0.535304 0.051560 0.045977
2 0.800543 0.539409 0.046133 0.050903
2 0.778833 0.535304 0.043419 0.052545
2 0.733379 0.558292 0.052917 0.049261
1 0.702849 0.660099 0.108548 0.183908
2 0.654681 0.549261 0.055631 0.054187
2 0.659430 0.532020 0.037992 0.045977
1 0.729986 0.518062 0.056988 0.087028
2 0.706920 0.526273 0.043419 0.054187
2 0.643826 0.502463 0.039349 0.032841
2 0.635685 0.481117 0.042062 0.045977
2 0.800543 0.494253 0.035278 0.032841
1 0.857531 0.486043 0.065129 0.072250
2 0.778155 0.483580 0.028494 0.024631
1 0.739484 0.445813 0.046133 0.047619
1 0.787653 0.432677 0.039349 0.041051
2 0.813433 0.445813 0.033921 0.031199
2 0.908412 0.504105 0.039349 0.039409
2 0.926052 0.509852 0.036635 0.041051
2 0.950475 0.519704 0.033921 0.041051
2 0.966079 0.527915 0.032564 0.041051
2 0.986431 0.537767 0.027137 0.050903
2 0.525780 0.824302 0.128901 0.144499
2 0.533243 0.743842 0.105834 0.108374
2 0.545455 0.645320 0.089552 0.101806
2 0.565129 0.615764 0.061058 0.075534
2 0.556988 0.554187 0.055631 0.054187
2 0.558345 0.516420 0.047490 0.054187
2 0.563094 0.497537 0.035278 0.039409
2 0.570556 0.476190 0.031208 0.036125
2 0.702171 0.494253 0.036635 0.042693
2 0.687246 0.482759 0.033921 0.036125
2 0.670963 0.478654 0.028494 0.031199
2 0.630258 0.449918 0.033921 0.049261
2 0.655360 0.446634 0.024423 0.026273
2 0.623474 0.421182 0.025780 0.034483
2 0.289688 0.850575 0.137042 0.147783
2 0.396879 0.787356 0.099050 0.152709
2 0.381954 0.741379 0.104478 0.126437
2 0.418589 0.701970 0.088195 0.103448
1 0.436228 0.628079 0.093623 0.165846
2 0.495251 0.587849 0.048847 0.078818
2 0.464043 0.613300 0.054274 0.073892
2 0.498643 0.532841 0.047490 0.037767
2 0.508141 0.510673 0.044776 0.042693
2 0.524423 0.481117 0.028494 0.042693
2 0.493216 0.470443 0.028494 0.031199
2 0.582768 0.442529 0.025780 0.024631
2 0.042741 0.898194 0.082768 0.193760
2 0.122795 0.833333 0.153324 0.129721
2 0.054953 0.780788 0.101764 0.093596
2 0.035278 0.711823 0.065129 0.103448
2 0.042741 0.685550 0.080054 0.083744
2 0.172999 0.687192 0.090909 0.093596
2 0.134328 0.642036 0.086839 0.078818
2 0.277476 0.716749 0.099050 0.100164
2 0.318860 0.672414 0.081411 0.077176
2 0.297829 0.623974 0.085482 0.082102
2 0.263908 0.608374 0.052917 0.060755
2 0.352103 0.614122 0.071913 0.072250
2 0.317503 0.568966 0.056988 0.054187
2 0.245590 0.570608 0.056988 0.057471
1 0.395522 0.545156 0.063772 0.082102
2 0.338535 0.541872 0.047490 0.042693
2 0.324288 0.522167 0.043419 0.042693
2 0.393487 0.502463 0.032564 0.039409
2 0.430122 0.535304 0.040706 0.049261
2 0.451832 0.504926 0.043419 0.057471
2 0.426052 0.486043 0.035278 0.032841
2 0.481004 0.484401 0.031208 0.029557
2 0.444369 0.454023 0.028494 0.031199
2 0.471506 0.454023 0.020353 0.021346
1 0.496608 0.406404 0.027137 0.031199
1 0.108548 0.548440 0.124830 0.121511
1 0.217096 0.500821 0.081411 0.095238
1 0.294437 0.481117 0.092266 0.072250
1 0.353460 0.469622 0.058345 0.072250
1 0.402985 0.454023 0.051560 0.057471
2 0.967436 0.475369 0.046133 0.031199
2 0.940299 0.472085 0.048847 0.024631
2 0.909091 0.461412 0.027137 0.032841
2 0.929444 0.437603 0.046133 0.024631
2 0.968114 0.444992 0.036635 0.036125
