2 0.595520 0.918530 0.102767 0.102236
4 0.148221 0.920128 0.046113 0.153355
4 0.102767 0.922524 0.028986 0.123003
4 0.191700 0.918530 0.025033 0.121406
4 0.173913 0.908946 0.023715 0.108626
4 0.129117 0.904153 0.026350 0.105431
4 0.011858 0.930511 0.021080 0.103834
2 0.038867 0.888978 0.075099 0.065495
2 0.975626 0.928115 0.048748 0.143770
2 0.920949 0.912939 0.113307 0.126198
2 0.796443 0.904153 0.083004 0.073482
2 0.731225 0.893770 0.063241 0.065495
2 0.865613 0.896965 0.057971 0.071885
2 0.691041 0.890575 0.054018 0.055911
2 0.800395 0.879393 0.059289 0.062300
2 0.689065 0.869010 0.050066 0.054313
1 0.310277 0.878594 0.077734 0.089457
2 0.391963 0.896965 0.072464 0.081470
2 0.493412 0.891374 0.064559 0.073482
2 0.451910 0.884984 0.050066 0.060703
2 0.517128 0.878594 0.048748 0.054313
2 0.662714 0.882588 0.042161 0.052716
1 0.941370 0.852236 0.111989 0.091054
1 0.803689 0.854633 0.076416 0.067093
