1 0.878750 0.640060 0.077500 0.099398
2 0.896250 0.754518 0.097500 0.111446
2 0.951250 0.814759 0.097500 0.105422
2 0.730000 0.549699 0.045000 0.051205
2 0.643750 0.471386 0.032500 0.045181
2 0.532500 0.971386 0.110000 0.057229
2 0.537500 0.909639 0.100000 0.120482
2 0.583750 0.765060 0.062500 0.066265
2 0.665000 0.765060 0.090000 0.078313
2 0.525000 0.721386 0.050000 0.051205
2 0.527500 0.626506 0.035000 0.054217
2 0.513750 0.603916 0.032500 0.045181
1 0.518750 0.543675 0.042500 0.057229
2 0.128750 0.924699 0.092500 0.102410
2 0.316250 0.968373 0.092500 0.063253
2 0.297500 0.944277 0.100000 0.093373
2 0.321250 0.865964 0.087500 0.093373
2 0.331250 0.829819 0.067500 0.075301
2 0.353750 0.801205 0.072500 0.072289
1 0.242500 0.759036 0.115000 0.144578
2 0.381250 0.730422 0.057500 0.063253
1 0.308750 0.713855 0.072500 0.102410
1 0.320000 0.628012 0.050000 0.069277
2 0.392500 0.689759 0.040000 0.048193
2 0.086250 0.780120 0.082500 0.078313
2 0.185000 0.715361 0.050000 0.057229
2 0.121250 0.719880 0.037500 0.048193
4 0.426250 0.929217 0.032500 0.111446
4 0.721250 0.876506 0.032500 0.090361
4 0.203750 0.944277 0.042500 0.087349
4 0.155000 0.799699 0.025000 0.063253
