1 0.894203 0.857955 0.211594 0.156818
2 0.812319 0.782955 0.108696 0.093182
2 0.860145 0.717045 0.068116 0.065909
2 0.902174 0.600000 0.039130 0.050000
2 0.968841 0.617045 0.050725 0.061364
2 0.833333 0.596591 0.037681 0.052273
2 0.758696 0.568182 0.053623 0.050000
2 0.700725 0.748864 0.091304 0.093182
2 0.632609 0.690909 0.073913 0.072727
2 0.641304 0.676136 0.114493 0.075000
2 0.624638 0.655682 0.113043 0.084091
2 0.600000 0.636364 0.075362 0.063636
1 0.581159 0.615909 0.121739 0.081818
2 0.591304 0.851136 0.095652 0.138636
2 0.574638 0.939773 0.126087 0.120455
2 0.428261 0.855682 0.079710 0.115909
2 0.415217 0.719318 0.065217 0.075000
1 0.334783 0.686364 0.072464 0.109091
2 0.350000 0.575000 0.030435 0.040909
2 0.328261 0.551136 0.030435 0.034091
2 0.286957 0.544318 0.020290 0.025000
2 0.255072 0.544318 0.026087 0.034091
2 0.277536 0.528409 0.021739 0.034091
2 0.305797 0.520455 0.020290 0.031818
2 0.258696 0.502273 0.018841 0.022727
2 0.239130 0.478409 0.014493 0.020455
2 0.260145 0.485227 0.018841 0.025000
2 0.170290 0.478409 0.015942 0.020455
2 0.184783 0.471591 0.013043 0.020455
2 0.100725 0.512500 0.018841 0.025000
1 0.060145 0.485227 0.094203 0.047727
2 0.057246 0.570455 0.027536 0.045455
2 0.075362 0.562500 0.023188 0.043182
2 0.038406 0.606818 0.030435 0.040909
2 0.018841 0.636364 0.034783 0.059091
2 0.015217 0.676136 0.027536 0.065909
1 0.073188 0.700000 0.091304 0.177273
2 0.152899 0.888636 0.091304 0.168182
2 0.273913 0.809091 0.066667 0.113636
2 0.328261 0.964773 0.097101 0.070455
4 0.788406 0.914773 0.020290 0.102273
4 0.971739 0.744318 0.021739 0.075000
