4 0.166887 0.804180 0.132450 0.391641
2 0.027152 0.665635 0.051656 0.114551
2 0.100662 0.657895 0.113907 0.099071
2 0.196026 0.653251 0.084768 0.083591
2 0.356954 0.667183 0.120530 0.089783
2 0.520530 0.663313 0.129801 0.097523
2 0.676159 0.660217 0.141722 0.091331
2 0.829139 0.659443 0.140397 0.092879
2 0.943709 0.645511 0.112583 0.108359
2 0.448344 0.656347 0.094040 0.083591
2 0.570199 0.655573 0.088742 0.078947
2 0.632450 0.647059 0.078146 0.065015
2 0.703311 0.635449 0.063576 0.051084
2 0.298675 0.633127 0.056954 0.043344
2 0.408609 0.629257 0.054305 0.047988
2 0.454305 0.625387 0.045033 0.040248
1 0.468212 0.598297 0.125828 0.075851
2 0.237086 0.622291 0.042384 0.037152
2 0.270861 0.611455 0.054305 0.034056
2 0.325166 0.610681 0.043709 0.035604
2 0.361589 0.616099 0.047682 0.034056
2 0.301987 0.598297 0.052980 0.038700
4 0.164238 0.801084 0.132450 0.391641
