2 0.777174 0.956303 0.103261 0.087395
2 0.867527 0.905882 0.093750 0.097479
2 0.968071 0.893277 0.055707 0.085714
2 0.951087 0.970588 0.097826 0.048739
2 0.822690 0.868908 0.072011 0.073950
2 0.807745 0.832773 0.072011 0.068908
2 0.887908 0.811765 0.069293 0.063866
2 0.882473 0.796639 0.061141 0.057143
2 0.972826 0.791597 0.043478 0.060504
2 0.618207 0.845378 0.073370 0.073950
2 0.647418 0.820168 0.069293 0.084034
2 0.720788 0.765546 0.052989 0.062185
2 0.745924 0.737815 0.046196 0.047059
2 0.770380 0.716807 0.043478 0.045378
2 0.760870 0.685714 0.032609 0.033613
2 0.742527 0.667227 0.033967 0.036975
2 0.693614 0.678992 0.033967 0.043697
2 0.658967 0.678151 0.032609 0.045378
2 0.614810 0.647059 0.033967 0.043697
2 0.651495 0.646218 0.033967 0.031933
2 0.701087 0.664706 0.032609 0.035294
2 0.601223 0.808403 0.047554 0.063866
2 0.561821 0.796639 0.077446 0.063866
2 0.463995 0.787395 0.082880 0.058824
2 0.367527 0.773950 0.088315 0.058824
2 0.399457 0.738655 0.051630 0.055462
2 0.485734 0.707563 0.047554 0.050420
2 0.604620 0.762185 0.051630 0.048739
2 0.593071 0.712605 0.052989 0.033613
2 0.074728 0.769748 0.078804 0.053782
4 0.275815 0.788235 0.021739 0.060504
2 0.550951 0.642857 0.077446 0.042017
