2 0.637584 0.820771 0.185235 0.194305
4 0.845638 0.799832 0.051007 0.122278
3 0.845638 0.824958 0.056376 0.098827
2 0.530872 0.788107 0.114094 0.105528
2 0.457718 0.772194 0.091275 0.083752
1 0.617450 0.731156 0.204027 0.142379
1 0.936913 0.726968 0.115436 0.211055
2 0.324161 0.721106 0.178523 0.139028
4 0.083893 0.778057 0.065772 0.155779
4 0.150336 0.783082 0.056376 0.142379
4 0.209396 0.771357 0.045638 0.105528
3 0.081879 0.808208 0.059060 0.118928
3 0.151007 0.813233 0.049664 0.105528
3 0.210067 0.794807 0.038926 0.082077
2 0.846980 0.775544 0.075168 0.083752
2 0.765772 0.768007 0.095302 0.058626
2 0.747651 0.767169 0.067114 0.056951
