4 0.381875 0.610991 0.046250 0.183190
4 0.139375 0.568966 0.033750 0.133621
4 0.044375 0.571121 0.018750 0.090517
4 0.026250 0.573276 0.025000 0.086207
4 0.117500 0.570043 0.017500 0.079741
2 0.422500 0.589440 0.037500 0.058190
2 0.499375 0.589440 0.033750 0.045259
2 0.491250 0.574353 0.040000 0.066810
2 0.469375 0.578664 0.021250 0.040948
2 0.576250 0.619612 0.130000 0.135776
2 0.748750 0.621767 0.135000 0.144397
4 0.648125 0.593750 0.018750 0.062500
3 0.383125 0.646552 0.043750 0.133621
2 0.983125 0.619612 0.031250 0.058190
