2 0.693906 0.615964 0.130194 0.105422
2 0.857341 0.564759 0.108033 0.111446
2 0.842105 0.510542 0.088643 0.087349
2 0.657895 0.516566 0.124654 0.105422
2 0.488920 0.587349 0.135734 0.120482
2 0.203601 0.841867 0.185596 0.183735
2 0.044321 0.748494 0.083102 0.189759
2 0.160665 0.537651 0.116343 0.093373
2 0.185596 0.465361 0.099723 0.087349
2 0.200831 0.423193 0.091413 0.081325
2 0.236842 0.397590 0.080332 0.078313
2 0.222992 0.370482 0.069252 0.072289
2 0.480609 0.469880 0.091413 0.084337
2 0.358726 0.418675 0.091413 0.090361
2 0.491690 0.435241 0.080332 0.081325
2 0.641274 0.450301 0.085873 0.081325
2 0.796399 0.478916 0.096953 0.114458
2 0.761773 0.442771 0.083102 0.078313
2 0.952909 0.483434 0.094183 0.093373
2 0.641274 0.417169 0.074792 0.069277
