4 0.934375 0.540625 0.131250 0.868750
4 0.682292 0.501563 0.393750 0.990625
4 0.355208 0.679688 0.347917 0.640625
4 0.419792 0.696875 0.147917 0.606250
4 0.573958 0.589063 0.206250 0.821875
4 0.856250 0.620313 0.154167 0.696875
4 0.876042 0.462500 0.160417 0.675000
4 0.712500 0.498437 0.154167 0.815625
4 0.521875 0.429688 0.160417 0.515625
4 0.323958 0.289062 0.147917 0.559375
4 0.425000 0.317188 0.087500 0.353125
4 0.471875 0.195312 0.056250 0.271875
4 0.520833 0.221875 0.070833 0.343750
4 0.592708 0.207813 0.127083 0.409375
4 0.807292 0.225000 0.056250 0.362500
4 0.835417 0.317188 0.108333 0.471875
