2 0.322358 0.890816 0.643185 0.218367
1 0.065467 0.740816 0.129403 0.136735
1 0.146631 0.722959 0.055896 0.072449
2 0.190276 0.779082 0.133997 0.080612
2 0.286371 0.762755 0.081164 0.052041
1 0.312404 0.733163 0.068913 0.107143
2 0.361792 0.785714 0.163093 0.087755
2 0.427259 0.766327 0.117917 0.067347
2 0.482006 0.742347 0.055896 0.050000
2 0.528331 0.748469 0.049005 0.052041
1 0.588821 0.735714 0.071975 0.097959
1 0.684916 0.730102 0.112557 0.090816
2 0.894717 0.757143 0.115620 0.075510
2 0.072358 0.838265 0.143185 0.141837
