2 0.965476 0.824107 0.069048 0.066071
4 0.983929 0.772321 0.015476 0.051786
2 0.982738 0.762500 0.034524 0.057143
4 0.977976 0.720536 0.013095 0.041071
2 0.983929 0.697321 0.032143 0.033929
1 0.873810 0.767857 0.059524 0.085714
1 0.858333 0.729464 0.059524 0.058929
1 0.926786 0.752679 0.079762 0.126786
2 0.880952 0.696429 0.042857 0.035714
2 0.827381 0.692857 0.028571 0.035714
2 0.819048 0.684821 0.028571 0.026786
2 0.830357 0.679464 0.039286 0.033929
2 0.846429 0.671429 0.023810 0.028571
2 0.806548 0.665179 0.029762 0.037500
2 0.786905 0.656250 0.021429 0.037500
1 0.759524 0.642857 0.040476 0.064286
2 0.825595 0.898214 0.089286 0.114286
2 0.763690 0.820536 0.089286 0.116071
2 0.718452 0.755357 0.075000 0.107143
1 0.701786 0.641071 0.055952 0.096429
2 0.582143 0.550000 0.035714 0.050000
2 0.514881 0.470536 0.027381 0.037500
4 0.602976 0.923214 0.015476 0.085714
4 0.597619 0.917857 0.019048 0.085714
4 0.596429 0.913393 0.019048 0.094643
4 0.577381 0.876786 0.021429 0.085714
2 0.532143 0.769643 0.071429 0.075000
4 0.531548 0.682143 0.008333 0.039286
4 0.502381 0.663393 0.009524 0.037500
2 0.495833 0.642857 0.027381 0.035714
1 0.427381 0.494643 0.047619 0.035714
2 0.396429 0.527679 0.019048 0.023214
2 0.395833 0.534821 0.017857 0.023214
2 0.404762 0.543750 0.019048 0.030357
1 0.414881 0.546429 0.032143 0.060714
2 0.411905 0.605357 0.023810 0.035714
2 0.421429 0.623214 0.026190 0.050000
2 0.420238 0.726786 0.040476 0.050000
2 0.468452 0.768750 0.051190 0.062500
2 0.425000 0.870536 0.066667 0.069643
2 0.428571 0.914286 0.078571 0.117857
2 0.426786 0.972321 0.091667 0.055357
4 0.340476 0.932143 0.023810 0.103571
2 0.250595 0.971429 0.084524 0.057143
2 0.240476 0.950000 0.080952 0.096429
2 0.255357 0.865179 0.070238 0.101786
2 0.261905 0.830357 0.061905 0.085714
2 0.280952 0.803571 0.057143 0.071429
2 0.305952 0.731250 0.045238 0.062500
2 0.313690 0.691964 0.032143 0.041071
4 0.306548 0.664286 0.017857 0.035714
3 0.303571 0.675000 0.011905 0.028571
2 0.324405 0.642857 0.027381 0.035714
2 0.310119 0.641964 0.020238 0.030357
4 0.297619 0.648214 0.011905 0.035714
2 0.302381 0.624107 0.021429 0.030357
2 0.289286 0.618750 0.016667 0.026786
2 0.323810 0.609821 0.023810 0.026786
1 0.275595 0.598214 0.034524 0.050000
2 0.273810 0.631250 0.014286 0.023214
1 0.258333 0.630357 0.040476 0.067857
2 0.236310 0.625893 0.017857 0.026786
2 0.218452 0.607143 0.032143 0.025000
4 0.228571 0.650893 0.011905 0.033929
2 0.278571 0.680357 0.028571 0.035714
1 0.246429 0.711607 0.059524 0.098214
1 0.192857 0.760714 0.088095 0.142857
4 0.123214 0.794643 0.015476 0.046429
4 0.160714 0.944643 0.030952 0.075000
3 0.160119 0.962500 0.032143 0.071429
2 0.132143 0.984821 0.059524 0.030357
4 0.117262 0.966964 0.017857 0.066071
4 0.093452 0.969643 0.017857 0.060714
4 0.082738 0.966071 0.015476 0.067857
2 0.102381 0.928571 0.071429 0.103571
2 0.005357 0.957143 0.008333 0.085714
4 0.036905 0.803571 0.019048 0.057143
3 0.036905 0.818750 0.019048 0.044643
4 0.022619 0.780357 0.014286 0.067857
2 0.068452 0.778571 0.065476 0.075000
2 0.020238 0.777679 0.038095 0.058929
4 0.095833 0.739286 0.010714 0.046429
1 0.054167 0.726786 0.077381 0.100000
2 0.101190 0.724107 0.028571 0.044643
2 0.108929 0.717857 0.034524 0.042857
2 0.101190 0.707143 0.042857 0.053571
2 0.116071 0.708036 0.029762 0.048214
2 0.151190 0.715179 0.038095 0.051786
4 0.172024 0.708929 0.010714 0.046429
4 0.134524 0.703571 0.009524 0.039286
4 0.142262 0.692857 0.010714 0.042857
4 0.150000 0.693750 0.009524 0.041071
2 0.120238 0.692857 0.030952 0.042857
2 0.139881 0.683929 0.025000 0.042857
2 0.130357 0.673214 0.025000 0.032143
2 0.011905 0.715179 0.021429 0.048214
2 0.164286 0.757143 0.028571 0.046429
4 0.176190 0.660714 0.009524 0.035714
4 0.194048 0.665179 0.011905 0.033929
4 0.191667 0.650893 0.009524 0.033929
4 0.197024 0.652679 0.013095 0.037500
