2 0.968889 0.855288 0.062222 0.148423
2 0.941667 0.821892 0.074444 0.103896
2 0.658889 0.848794 0.122222 0.168831
2 0.702222 0.836735 0.086667 0.115028
2 0.751667 0.817254 0.054444 0.102041
2 0.536111 0.819109 0.083333 0.120594
2 0.373333 0.820037 0.077778 0.100186
2 0.495000 0.812616 0.074444 0.111317
2 0.454444 0.802412 0.068889 0.109462
2 0.341667 0.817254 0.063333 0.087199
2 0.319444 0.803340 0.054444 0.096475
4 0.243333 0.808905 0.015556 0.066790
4 0.215000 0.804267 0.016667 0.068646
4 0.092222 0.811688 0.015556 0.064935
4 0.083889 0.815399 0.014444 0.064935
