2 0.928182 0.776358 0.132727 0.185304
2 0.679091 0.768371 0.129091 0.169329
2 0.937273 0.547923 0.100000 0.130990
1 0.778182 0.472843 0.138182 0.274760
2 0.362727 0.924920 0.161818 0.143770
2 0.420000 0.848243 0.149091 0.207668
1 0.485455 0.667732 0.210909 0.376997
2 0.581818 0.635783 0.069091 0.140575
1 0.610000 0.533546 0.078182 0.159744
2 0.639091 0.485623 0.085455 0.134185
2 0.635455 0.527157 0.056364 0.121406
2 0.670000 0.476038 0.063636 0.108626
2 0.695455 0.431310 0.060000 0.108626
2 0.165455 0.872204 0.149091 0.236422
2 0.226364 0.835463 0.132727 0.194888
2 0.284545 0.753994 0.136364 0.185304
2 0.336364 0.722045 0.094545 0.146965
1 0.402727 0.560703 0.187273 0.322684
2 0.530000 0.458466 0.085455 0.130990
2 0.564545 0.418530 0.074545 0.089457
2 0.603636 0.399361 0.061818 0.083067
2 0.621818 0.359425 0.065455 0.099042
2 0.652727 0.345048 0.054545 0.083067
2 0.669091 0.282748 0.054545 0.067093
2 0.765455 0.293930 0.050909 0.076677
2 0.042727 0.734824 0.081818 0.172524
2 0.060909 0.658147 0.114545 0.153355
2 0.176364 0.578275 0.105455 0.153355
2 0.310000 0.495208 0.081818 0.140575
2 0.345455 0.380192 0.076364 0.089457
2 0.420000 0.388179 0.072727 0.079872
2 0.500909 0.329073 0.060000 0.076677
2 0.040909 0.555911 0.078182 0.108626
2 0.059091 0.440895 0.100000 0.121406
2 0.078182 0.418530 0.083636 0.108626
2 0.144545 0.376997 0.081818 0.095847
2 0.163636 0.330671 0.087273 0.092652
2 0.295455 0.357827 0.070909 0.089457
1 0.245455 0.250799 0.112727 0.175719
2 0.544545 0.297125 0.049091 0.076677
