4 0.503876 0.616667 0.204651 0.766667
4 0.191473 0.588542 0.218605 0.435417
4 0.621705 0.600000 0.071318 0.445833
4 0.432558 0.542708 0.065116 0.402083
4 0.403876 0.512500 0.069767 0.270833
4 0.675194 0.515625 0.072868 0.306250
4 0.782946 0.522917 0.065116 0.258333
4 0.856589 0.543750 0.097674 0.408333
2 0.078295 0.489583 0.153488 0.175000
2 0.162791 0.437500 0.114729 0.091667
2 0.395349 0.479167 0.130233 0.145833
1 0.351938 0.434375 0.151938 0.147917
4 0.723256 0.487500 0.044961 0.195833
4 0.931783 0.468750 0.058915 0.191667
