4 0.847000 0.621333 0.078000 0.320000
2 0.764000 0.540000 0.088000 0.061333
2 0.643000 0.526667 0.050000 0.050667
2 0.529000 0.541333 0.066000 0.112000
2 0.490000 0.562667 0.104000 0.101333
2 0.263000 0.604000 0.210000 0.189333
2 0.362000 0.538667 0.092000 0.090667
2 0.414000 0.536000 0.056000 0.064000
2 0.440000 0.525333 0.052000 0.058667
4 0.237000 0.532000 0.018000 0.072000
4 0.186000 0.532000 0.024000 0.077333
0 0.187000 0.553333 0.026000 0.056000
4 0.128000 0.540000 0.036000 0.109333
0 0.127000 0.566667 0.042000 0.077333
0 0.017000 0.562667 0.030000 0.064000
