2 0.133125 0.703333 0.263750 0.303333
2 0.616875 0.680833 0.188750 0.211667
2 0.825625 0.675000 0.103750 0.106667
2 0.795000 0.639167 0.070000 0.075000
2 0.748125 0.634167 0.048750 0.048333
2 0.735000 0.629167 0.042500 0.045000
2 0.721875 0.617500 0.026250 0.031667
2 0.736875 0.608333 0.018750 0.023333
2 0.717500 0.606667 0.020000 0.026667
2 0.704375 0.610833 0.026250 0.028333
2 0.525625 0.636667 0.073750 0.093333
2 0.497500 0.605000 0.015000 0.016667
2 0.475625 0.605000 0.023750 0.020000
2 0.443750 0.609167 0.020000 0.021667
2 0.416875 0.611667 0.026250 0.023333
1 0.415625 0.595833 0.028750 0.038333
2 0.383750 0.610833 0.025000 0.028333
2 0.374375 0.607500 0.021250 0.028333
2 0.345625 0.612500 0.038750 0.041667
2 0.330625 0.612500 0.023750 0.031667
2 0.281250 0.608333 0.032500 0.033333
