2 0.638298 0.813333 0.177950 0.260000
2 0.740812 0.658333 0.088975 0.110000
2 0.891683 0.635000 0.096712 0.130000
2 0.948743 0.573333 0.071567 0.086667
2 0.933269 0.491667 0.052224 0.076667
2 0.977756 0.486667 0.040619 0.053333
2 0.895551 0.493333 0.042553 0.060000
2 0.838491 0.493333 0.056093 0.073333
2 0.817215 0.485000 0.029014 0.056667
2 0.687621 0.475000 0.044487 0.083333
2 0.589942 0.475000 0.038685 0.076667
1 0.628627 0.435000 0.050290 0.090000
2 0.530948 0.538333 0.067698 0.116667
2 0.490329 0.581667 0.071567 0.096667
2 0.525145 0.660000 0.098646 0.153333
2 0.387814 0.660000 0.094778 0.133333
2 0.283366 0.770000 0.187621 0.213333
1 0.201161 0.665000 0.243714 0.343333
2 0.256286 0.481667 0.052224 0.056667
2 0.428433 0.533333 0.063830 0.113333
2 0.414894 0.478333 0.040619 0.050000
2 0.454545 0.475000 0.034816 0.050000
2 0.493230 0.476667 0.034816 0.053333
1 0.465184 0.450000 0.056093 0.100000
