2 0.861911 0.947496 0.181937 0.105008
2 0.804974 0.954766 0.151832 0.090468
2 0.793194 0.927302 0.130890 0.109855
2 0.774215 0.899838 0.132199 0.135703
2 0.781414 0.858643 0.125654 0.105008
2 0.777487 0.817447 0.112565 0.080775
2 0.747382 0.804523 0.094241 0.096931
2 0.723168 0.785945 0.095550 0.095315
2 0.722513 0.738288 0.094241 0.100162
2 0.697644 0.725363 0.075916 0.090468
2 0.681937 0.703554 0.060209 0.085622
2 0.666230 0.699515 0.057592 0.058158
2 0.658377 0.676090 0.054974 0.066236
2 0.983639 0.909532 0.032723 0.180937
2 0.967277 0.912763 0.047120 0.122779
2 0.962042 0.859451 0.075916 0.126010
2 0.921466 0.835218 0.109948 0.119548
2 0.914267 0.801292 0.087696 0.084006
2 0.892670 0.794830 0.086387 0.090468
2 0.878272 0.758481 0.089005 0.085622
2 0.857330 0.760097 0.078534 0.079160
2 0.828534 0.741519 0.081152 0.077544
2 0.826571 0.723748 0.082461 0.080775
2 0.800393 0.720517 0.071990 0.071082
2 0.782723 0.709208 0.057592 0.058158
2 0.770942 0.689822 0.054974 0.061389
2 0.737565 0.668821 0.045812 0.048465
2 0.961387 0.727787 0.066754 0.069467
2 0.924738 0.709208 0.066754 0.061389
2 0.895288 0.696284 0.065445 0.064620
2 0.850785 0.677706 0.052356 0.030695
2 0.806937 0.653473 0.053665 0.056543
2 0.725785 0.651050 0.045812 0.051696
2 0.817408 0.472536 0.095550 0.050081
2 0.753927 0.457997 0.073298 0.050081
2 0.581806 0.448304 0.098168 0.056543
2 0.342277 0.456381 0.066754 0.037157
2 0.502618 0.455574 0.070681 0.042003
2 0.751963 0.593700 0.037958 0.040388
2 0.750654 0.566236 0.035340 0.030695
2 0.633508 0.569467 0.041885 0.043619
2 0.681283 0.563005 0.043194 0.040388
2 0.369110 0.934572 0.154450 0.130856
2 0.062827 0.968498 0.123037 0.063005
2 0.028796 0.865105 0.054974 0.143780
2 0.126309 0.931341 0.155759 0.134087
2 0.180628 0.863489 0.130890 0.121163
2 0.071335 0.802100 0.121728 0.130856
2 0.244110 0.822294 0.103403 0.109855
2 0.415576 0.855412 0.132199 0.159935
2 0.139398 0.778675 0.079843 0.080775
2 0.287958 0.780291 0.091623 0.093700
2 0.445681 0.816640 0.103403 0.111470
2 0.431937 0.777868 0.096859 0.082391
2 0.172120 0.760905 0.090314 0.080775
2 0.189791 0.728595 0.096859 0.093700
2 0.327880 0.756866 0.079843 0.088853
2 0.469241 0.756866 0.082461 0.085622
2 0.240838 0.732633 0.062827 0.066236
2 0.257199 0.719709 0.061518 0.056543
2 0.367801 0.729402 0.070681 0.069467
2 0.461387 0.716478 0.087696 0.066236
1 0.292539 0.658320 0.098168 0.117932
2 0.270942 0.712439 0.065445 0.058158
2 0.380236 0.716478 0.071990 0.069467
2 0.410340 0.696284 0.043194 0.054927
2 0.500000 0.693053 0.065445 0.084006
2 0.526178 0.673667 0.047120 0.054927
2 0.517016 0.684168 0.041885 0.063005
2 0.422120 0.678514 0.051047 0.058158
2 0.475785 0.566236 0.043194 0.040388
2 0.539921 0.556543 0.037958 0.033926
2 0.422120 0.574313 0.035340 0.040388
2 0.428010 0.552504 0.041885 0.035541
2 0.891361 0.397415 0.034031 0.045234
2 0.927356 0.406300 0.040576 0.040388
