1 0.565728 0.695922 0.233177 0.271277
2 0.481221 0.956560 0.283255 0.086879
2 0.164319 0.847518 0.206573 0.251773
2 0.267606 0.751773 0.184664 0.180851
2 0.089202 0.668440 0.159624 0.145390
2 0.881847 0.685284 0.164319 0.132979
2 0.948357 0.936170 0.103286 0.120567
2 0.865415 0.579787 0.112676 0.095745
2 0.986698 0.666667 0.026604 0.113475
2 0.987480 0.572695 0.025039 0.081560
2 0.955399 0.514184 0.086072 0.078014
2 0.822379 0.512411 0.079812 0.070922
2 0.920970 0.462766 0.076682 0.070922
2 0.791862 0.490248 0.078247 0.076241
2 0.810642 0.464539 0.071987 0.053191
2 0.785603 0.421986 0.062598 0.081560
2 0.836463 0.376773 0.054773 0.044326
2 0.848983 0.414007 0.061033 0.054965
2 0.761346 0.396277 0.054773 0.069149
2 0.283255 0.373227 0.065728 0.086879
2 0.585290 0.358156 0.046948 0.063830
4 0.331768 0.217199 0.034429 0.101064
4 0.589984 0.225177 0.034429 0.092199
4 0.791862 0.218972 0.034429 0.093972
