2 0.953448 0.739130 0.093103 0.106280
2 0.941379 0.695652 0.117241 0.086957
2 0.963793 0.637681 0.072414 0.086957
2 0.846552 0.608696 0.196552 0.125604
2 0.831034 0.659420 0.186207 0.101449
2 0.874138 0.775362 0.251724 0.120773
2 0.698276 0.797101 0.196552 0.135266
4 0.608621 0.705314 0.044828 0.125604
2 0.481034 0.746377 0.244828 0.120773
2 0.410345 0.644928 0.172414 0.101449
2 0.505172 0.606280 0.127586 0.111111
2 0.415517 0.586957 0.134483 0.082126
2 0.237931 0.601449 0.151724 0.120773
2 0.239655 0.664251 0.203448 0.101449
2 0.087931 0.777778 0.168966 0.164251
2 0.022414 0.635266 0.024138 0.043478
