4 0.713889 0.556667 0.163333 0.753333
4 0.408889 0.571667 0.140000 0.670000
4 0.921111 0.366667 0.060000 0.233333
4 0.944444 0.356667 0.046667 0.186667
4 0.882778 0.332500 0.045556 0.171667
4 0.627778 0.321667 0.028889 0.126667
4 0.533889 0.320000 0.034444 0.126667
4 0.310000 0.329167 0.033333 0.131667
4 0.275556 0.327500 0.026667 0.118333
4 0.211111 0.348333 0.060000 0.216667
4 0.121111 0.323333 0.031111 0.150000
4 0.059444 0.482500 0.105556 0.418333
4 0.150556 0.485000 0.092222 0.310000
4 0.272222 0.461667 0.071111 0.366667
4 0.181667 0.510000 0.105556 0.466667
