4 0.622500 0.741648 0.132500 0.476615
0 0.631250 0.855234 0.142500 0.285078
4 0.395000 0.769488 0.120000 0.447661
0 0.407500 0.873051 0.135000 0.253898
2 0.758750 0.587973 0.122500 0.155902
2 0.674375 0.584633 0.081250 0.113586
2 0.258750 0.646993 0.052500 0.211581
4 0.103750 0.632517 0.042500 0.182628
4 0.055000 0.626949 0.032500 0.171492
3 0.260625 0.684855 0.056250 0.175947
4 0.135625 0.629176 0.038750 0.126949
3 0.137500 0.653675 0.042500 0.122494
4 0.181250 0.623608 0.042500 0.129176
3 0.181875 0.661470 0.043750 0.111359
4 0.235000 0.636971 0.032500 0.164811
4 0.073125 0.600223 0.023750 0.104677
2 0.479375 0.586860 0.073750 0.100223
2 0.323125 0.596882 0.068750 0.097996
2 0.355625 0.582405 0.046250 0.077951
2 0.406875 0.586860 0.073750 0.095768
2 0.283750 0.569042 0.047500 0.073497
4 0.698750 0.636971 0.072500 0.160356
3 0.699375 0.672606 0.071250 0.129176
