2 0.590498 0.844262 0.325792 0.300546
1 0.705882 0.762295 0.167421 0.213115
2 0.883484 0.825137 0.119910 0.109290
2 0.877828 0.785519 0.095023 0.101093
2 0.271493 0.860656 0.208145 0.185792
2 0.134615 0.842896 0.147059 0.166667
2 0.388009 0.848361 0.119910 0.133880
2 0.210407 0.803279 0.104072 0.120219
2 0.377828 0.789617 0.076923 0.081967
2 0.451357 0.808743 0.083710 0.120219
2 0.392534 0.766393 0.079186 0.068306
2 0.468326 0.730874 0.095023 0.068306
2 0.104072 0.704918 0.090498 0.060109
2 0.061086 0.689891 0.063348 0.062842
2 0.090498 0.662568 0.058824 0.051913
2 0.139140 0.632514 0.070136 0.068306
