2 0.731818 0.837802 0.198182 0.195710
2 0.641818 0.825737 0.163636 0.209115
2 0.587273 0.821716 0.101818 0.201072
2 0.519091 0.849866 0.089091 0.128686
2 0.510000 0.840483 0.103636 0.131367
2 0.480909 0.845845 0.092727 0.115282
2 0.464545 0.809651 0.114545 0.182306
2 0.430000 0.849866 0.063636 0.091153
4 0.322727 0.841823 0.052727 0.112601
4 0.273636 0.848525 0.030909 0.077748
3 0.275455 0.865952 0.052727 0.064343
4 0.236364 0.849866 0.029091 0.101877
4 0.208182 0.847185 0.041818 0.107239
4 0.188182 0.851206 0.034545 0.104558
4 0.161818 0.848525 0.029091 0.083110
0 0.161818 0.875335 0.047273 0.056300
4 0.111818 0.851206 0.023636 0.072386
0 0.117273 0.878016 0.049091 0.056300
