1 0.116296 0.742044 0.229630 0.438861
2 0.947407 0.891122 0.105185 0.194305
2 0.622222 0.834171 0.133333 0.117253
2 0.236296 0.804020 0.066667 0.060302
2 0.283704 0.805695 0.054815 0.060302
2 0.349630 0.799832 0.118519 0.048576
2 0.408148 0.798995 0.054815 0.046901
2 0.451852 0.795645 0.044444 0.040201
4 0.490370 0.810720 0.047407 0.093802
3 0.490370 0.831658 0.050370 0.078727
2 0.499259 0.793132 0.047407 0.045226
2 0.532593 0.792295 0.037037 0.043551
2 0.577778 0.797320 0.041481 0.040201
2 0.662222 0.812395 0.053333 0.063652
2 0.704444 0.807370 0.051852 0.053601
2 0.725185 0.801508 0.037037 0.038526
2 0.746667 0.802345 0.032593 0.033501
2 0.806667 0.809045 0.051852 0.053601
2 0.897037 0.819095 0.066667 0.063652
4 0.858519 0.807370 0.022222 0.060302
4 0.902222 0.819095 0.023704 0.073702
4 0.980000 0.818258 0.028148 0.088777
2 0.833333 0.805695 0.034074 0.046901
