4 0.861875 0.636535 0.021250 0.116761
4 0.837500 0.616761 0.020000 0.096045
0 0.836875 0.644068 0.016250 0.052731
4 0.851250 0.580038 0.017500 0.067797
4 0.814375 0.575330 0.018750 0.054614
4 0.800625 0.586629 0.023750 0.062147
4 0.775000 0.579096 0.010000 0.047081
4 0.747500 0.579096 0.017500 0.050847
4 0.724375 0.630885 0.028750 0.097928
3 0.726875 0.652542 0.018750 0.065913
4 0.699375 0.576271 0.021250 0.052731
4 0.595000 0.693032 0.090000 0.210923
3 0.597500 0.738230 0.082500 0.222222
2 0.768125 0.606403 0.086250 0.075330
2 0.691875 0.613936 0.088750 0.071563
2 0.612500 0.622411 0.085000 0.099812
2 0.626250 0.587571 0.055000 0.067797
2 0.556250 0.608286 0.072500 0.079096
1 0.496875 0.553672 0.131250 0.158192
2 0.466875 0.618644 0.073750 0.114878
2 0.425000 0.623352 0.105000 0.135593
2 0.342500 0.596045 0.070000 0.084746
2 0.342500 0.647834 0.102500 0.120527
2 0.273125 0.626177 0.071250 0.103578
2 0.250000 0.659134 0.142500 0.146893
2 0.130000 0.629002 0.095000 0.109228
2 0.061875 0.645951 0.121250 0.146893
