1 0.827358 0.900568 0.194340 0.198864
1 0.883019 0.846591 0.184906 0.306818
2 0.884906 0.724432 0.071698 0.096591
4 0.880189 0.663352 0.032075 0.076705
4 0.977358 0.691761 0.026415 0.116477
4 0.938679 0.653409 0.020755 0.102273
4 0.923585 0.643466 0.024528 0.093750
4 0.932075 0.622159 0.018868 0.079545
4 0.928302 0.609375 0.018868 0.071023
4 0.913208 0.619318 0.018868 0.090909
4 0.892453 0.626420 0.022642 0.088068
4 0.900943 0.603693 0.020755 0.076705
4 0.892453 0.572443 0.018868 0.082386
4 0.881132 0.575284 0.018868 0.082386
4 0.876415 0.559659 0.016981 0.079545
4 0.865094 0.573864 0.016981 0.085227
4 0.850943 0.573864 0.022642 0.090909
4 0.856604 0.558239 0.011321 0.071023
4 0.839623 0.563920 0.018868 0.065341
4 0.829245 0.553977 0.020755 0.073864
4 0.823585 0.541193 0.016981 0.071023
4 0.836792 0.539773 0.016981 0.068182
4 0.843396 0.534091 0.011321 0.062500
4 0.850943 0.536932 0.015094 0.073864
4 0.846226 0.519886 0.013208 0.062500
4 0.838679 0.519886 0.009434 0.056818
4 0.809434 0.536932 0.018868 0.062500
4 0.800000 0.514205 0.015094 0.062500
4 0.811321 0.487216 0.015094 0.053977
4 0.800000 0.474432 0.011321 0.051136
4 0.790566 0.481534 0.018868 0.059659
2 0.823585 0.647727 0.084906 0.096591
2 0.778302 0.617898 0.073585 0.082386
2 0.775472 0.592330 0.067925 0.076705
4 0.786792 0.562500 0.015094 0.068182
2 0.750943 0.553977 0.056604 0.068182
2 0.730189 0.498580 0.056604 0.093750
2 0.791509 0.786932 0.073585 0.090909
2 0.736792 0.727273 0.088679 0.107955
2 0.721698 0.688920 0.077358 0.093750
2 0.701887 0.639205 0.075472 0.085227
2 0.672642 0.588068 0.062264 0.096591
1 0.662264 0.525568 0.101887 0.193182
1 0.616038 0.457386 0.077358 0.125000
1 0.630189 0.410511 0.060377 0.127841
1 0.591509 0.396307 0.050943 0.093750
1 0.585849 0.375000 0.050943 0.090909
1 0.593396 0.345170 0.039623 0.082386
2 0.665094 0.924716 0.122642 0.144886
2 0.634906 0.782670 0.096226 0.127841
2 0.608491 0.724432 0.081132 0.102273
2 0.601887 0.664773 0.075472 0.090909
2 0.610377 0.634943 0.069811 0.093750
2 0.575472 0.615057 0.067925 0.088068
2 0.571698 0.590909 0.056604 0.068182
2 0.567925 0.572443 0.060377 0.059659
2 0.566038 0.548295 0.056604 0.051136
2 0.563208 0.542614 0.043396 0.062500
2 0.565094 0.517045 0.050943 0.062500
2 0.550943 0.484375 0.056604 0.076705
2 0.547170 0.465909 0.033962 0.056818
2 0.541509 0.455966 0.045283 0.053977
2 0.534906 0.414773 0.039623 0.056818
2 0.527358 0.393466 0.035849 0.048295
2 0.526415 0.369318 0.030189 0.045455
2 0.394340 0.953125 0.139623 0.093750
2 0.295283 0.988636 0.111321 0.022727
2 0.429245 0.876420 0.111321 0.150568
2 0.450943 0.816761 0.105660 0.122159
2 0.456604 0.754261 0.098113 0.105114
2 0.457547 0.701705 0.088679 0.085227
2 0.463208 0.463068 0.066038 0.062500
2 0.468868 0.407670 0.047170 0.059659
2 0.471698 0.382102 0.037736 0.048295
1 0.466038 0.356534 0.049057 0.076705
1 0.412264 0.393466 0.058491 0.099432
2 0.408491 0.446023 0.039623 0.051136
2 0.398113 0.457386 0.037736 0.056818
2 0.388679 0.473011 0.052830 0.065341
2 0.358491 0.507102 0.056604 0.071023
1 0.357547 0.576705 0.100000 0.170455
2 0.350000 0.671875 0.081132 0.099432
2 0.337736 0.718750 0.083019 0.107955
2 0.325472 0.767045 0.096226 0.119318
2 0.311321 0.813920 0.083019 0.122159
2 0.250000 0.873580 0.137736 0.235795
2 0.134906 0.971591 0.133962 0.056818
2 0.018868 0.917614 0.033962 0.136364
1 0.146226 0.782670 0.164151 0.281250
1 0.198113 0.681818 0.139623 0.187500
1 0.208491 0.609375 0.130189 0.281250
1 0.251887 0.603693 0.088679 0.196023
1 0.280189 0.538352 0.077358 0.156250
1 0.283962 0.512784 0.077358 0.161932
2 0.312264 0.475852 0.039623 0.076705
1 0.312264 0.451705 0.077358 0.153409
1 0.344340 0.376420 0.058491 0.127841
1 0.400000 0.303977 0.056604 0.085227
4 0.030189 0.473011 0.015094 0.053977
4 0.112264 0.595170 0.020755 0.093750
4 0.130189 0.626420 0.015094 0.065341
4 0.100943 0.646307 0.024528 0.071023
4 0.082075 0.667614 0.024528 0.102273
4 0.065094 0.650568 0.020755 0.062500
4 0.069811 0.673295 0.022642 0.085227
4 0.053774 0.805398 0.039623 0.105114
3 0.053774 0.832386 0.039623 0.096591
2 0.966038 0.460227 0.056604 0.068182
