4 0.285000 0.857294 0.047143 0.150106
4 0.221429 0.860465 0.042857 0.147992
4 0.152857 0.861522 0.042857 0.141649
4 0.026429 0.848837 0.038571 0.133192
4 0.120714 0.841438 0.030000 0.118393
1 0.227143 0.800211 0.062857 0.120507
1 0.393571 0.806554 0.164286 0.243129
4 0.887857 0.829810 0.021429 0.082452
4 0.872143 0.825581 0.021429 0.099366
4 0.807857 0.822410 0.021429 0.071882
4 0.777143 0.818182 0.020000 0.071882
4 0.751429 0.819239 0.017143 0.065539
4 0.737143 0.808668 0.014286 0.065539
4 0.631429 0.807611 0.017143 0.067653
2 0.528571 0.798097 0.042857 0.061311
