2 0.675035 0.929756 0.301255 0.140488
2 0.963738 0.955610 0.072524 0.088780
2 0.938633 0.916098 0.122734 0.130732
2 0.921897 0.843902 0.156206 0.171707
2 0.569735 0.885366 0.199442 0.135610
2 0.606695 0.918049 0.186890 0.119024
2 0.521618 0.827317 0.209205 0.169756
2 0.589261 0.771220 0.171548 0.102439
2 0.458159 0.798049 0.146444 0.132683
1 0.891911 0.768780 0.216179 0.199024
2 0.488145 0.748293 0.170153 0.107317
2 0.562064 0.710732 0.153417 0.082927
2 0.817992 0.699512 0.126918 0.087805
1 0.809623 0.611220 0.269177 0.219512
2 0.967225 0.631707 0.065551 0.069268
2 0.532078 0.677073 0.163180 0.054634
2 0.527197 0.653659 0.150628 0.054634
2 0.525105 0.627317 0.135286 0.048780
2 0.525802 0.606341 0.122734 0.049756
2 0.497908 0.603415 0.105997 0.057561
2 0.672245 0.594634 0.103208 0.069268
2 0.473501 0.592683 0.110181 0.059512
2 0.661785 0.572683 0.107392 0.062439
2 0.490934 0.567317 0.094840 0.041951
2 0.470014 0.548780 0.111576 0.061463
2 0.629707 0.556585 0.104603 0.073171
2 0.478382 0.524390 0.089261 0.047805
2 0.638773 0.525366 0.086471 0.053659
2 0.493026 0.507317 0.082287 0.035122
1 0.452580 0.467805 0.132497 0.088780
2 0.627615 0.507317 0.094840 0.052683
2 0.599024 0.492195 0.073919 0.038049
2 0.708508 0.481463 0.069735 0.045854
2 0.778940 0.501463 0.099024 0.027317
2 0.563459 0.472683 0.069735 0.043902
2 0.603208 0.460976 0.090656 0.040000
2 0.682008 0.459024 0.069735 0.041951
2 0.569038 0.430732 0.064156 0.028293
2 0.638773 0.407317 0.058577 0.036098
1 0.458856 0.387805 0.078103 0.063415
2 0.539052 0.380976 0.054393 0.032195
2 0.617852 0.370244 0.058577 0.043902
2 0.028591 0.777073 0.054393 0.123902
2 0.044630 0.701463 0.086471 0.136585
2 0.057880 0.534146 0.112971 0.094634
2 0.186890 0.394634 0.097629 0.053659
2 0.214784 0.338049 0.075314 0.045854
2 0.163180 0.234146 0.066946 0.046829
2 0.233612 0.237073 0.059972 0.037073
