4 0.807595 0.852099 0.081013 0.295802
4 0.911392 0.789122 0.040506 0.104962
3 0.917089 0.815840 0.069620 0.082061
4 0.867089 0.772901 0.017722 0.076336
4 0.727848 0.769084 0.015190 0.064885
4 0.732911 0.763359 0.012658 0.064885
4 0.707595 0.763359 0.012658 0.064885
2 0.647468 0.771947 0.112658 0.101145
1 0.616456 0.739504 0.108861 0.104962
4 0.566456 0.766221 0.018987 0.051527
3 0.569620 0.775763 0.020253 0.040076
4 0.551266 0.762405 0.011392 0.055344
2 0.556962 0.749046 0.025316 0.024809
2 0.546835 0.749046 0.020253 0.028626
4 0.524051 0.744275 0.007595 0.022901
3 0.524051 0.753817 0.007595 0.015267
2 0.520886 0.744275 0.013924 0.022901
2 0.486076 0.747137 0.022785 0.028626
2 0.370253 0.751908 0.026582 0.041985
4 0.379114 0.749046 0.008861 0.040076
2 0.353165 0.777672 0.073418 0.082061
4 0.135443 0.756679 0.015190 0.066794
4 0.122785 0.763359 0.012658 0.057252
4 0.023418 0.741412 0.018987 0.062977
4 0.008228 0.761450 0.013924 0.076336
