2 0.986364 0.860656 0.027273 0.114754
2 0.960909 0.825137 0.078182 0.098361
2 0.892727 0.845628 0.160000 0.161202
2 0.807273 0.840164 0.105455 0.155738
2 0.736364 0.826503 0.065455 0.117486
2 0.692727 0.833333 0.127273 0.147541
2 0.612727 0.818306 0.069091 0.090164
2 0.649091 0.860656 0.134545 0.147541
2 0.532727 0.842896 0.130909 0.155738
2 0.461818 0.834699 0.152727 0.221311
2 0.374545 0.853825 0.080000 0.150273
1 0.244545 0.808743 0.252727 0.300546
1 0.108182 0.814208 0.114545 0.142077
1 0.041818 0.834699 0.080000 0.144809
1 0.022727 0.744536 0.041818 0.095628
