2 0.677778 0.876254 0.075556 0.107023
2 0.677778 0.827759 0.066667 0.063545
2 0.734444 0.725753 0.037778 0.053512
2 0.774444 0.593645 0.020000 0.030100
2 0.735556 0.608696 0.026667 0.033445
2 0.676667 0.628763 0.024444 0.033445
2 0.616667 0.642140 0.028889 0.033445
2 0.627778 0.478261 0.020000 0.026756
2 0.573333 0.446488 0.017778 0.023411
2 0.792222 0.570234 0.020000 0.023411
2 0.297778 0.561873 0.017778 0.020067
2 0.452222 0.617057 0.020000 0.030100
4 0.398889 0.715719 0.015556 0.033445
3 0.398889 0.732441 0.015556 0.033445
2 0.350000 0.757525 0.055556 0.070234
4 0.288889 0.812709 0.022222 0.066890
3 0.288889 0.832776 0.022222 0.040134
2 0.226667 0.966555 0.080000 0.066890
2 0.177778 0.991639 0.080000 0.016722
