2 0.708333 0.737500 0.022300 0.033333
2 0.678991 0.737500 0.015258 0.025000
2 0.667840 0.728125 0.018779 0.027083
2 0.762324 0.776042 0.024648 0.035417
2 0.592723 0.672917 0.016432 0.029167
2 0.568075 0.669792 0.014085 0.022917
2 0.575704 0.678125 0.015258 0.018750
2 0.545188 0.686458 0.017606 0.022917
2 0.578052 0.703125 0.017606 0.022917
2 0.494131 0.656250 0.014085 0.020833
2 0.473005 0.662500 0.011737 0.016667
2 0.348592 0.741667 0.018779 0.025000
2 0.268192 0.745833 0.022300 0.029167
2 0.281103 0.741667 0.017606 0.025000
2 0.289906 0.739583 0.014085 0.025000
2 0.300469 0.735417 0.014085 0.020833
2 0.076878 0.803125 0.045775 0.039583
2 0.021127 0.810417 0.039906 0.041667
2 0.204225 0.776042 0.025822 0.031250
2 0.259977 0.795833 0.026995 0.037500
2 0.126174 0.798958 0.024648 0.035417
2 0.056925 0.843750 0.041080 0.041667
2 0.485915 0.691667 0.016432 0.033333
2 0.406690 0.795833 0.034038 0.050000
2 0.561620 0.734375 0.024648 0.035417
2 0.596831 0.717708 0.017606 0.035417
2 0.622066 0.710417 0.018779 0.029167
2 0.617371 0.761458 0.025822 0.035417
2 0.652582 0.763542 0.028169 0.039583
2 0.572183 0.769792 0.026995 0.039583
2 0.603286 0.835417 0.037559 0.058333
2 0.688380 0.860417 0.041080 0.054167
2 0.725939 0.956250 0.059859 0.083333
2 0.858568 0.850000 0.041080 0.050000
2 0.888498 0.813542 0.035211 0.043750
4 0.929577 0.812500 0.009390 0.037500
2 0.899648 0.771875 0.029343 0.047917
2 0.977700 0.855208 0.044601 0.068750
2 0.889085 0.911458 0.050469 0.056250
2 0.303404 0.967708 0.064554 0.060417
