4 0.665625 0.693750 0.018750 0.066667
0 0.666406 0.707292 0.017188 0.052083
4 0.704688 0.705208 0.021875 0.093750
4 0.967969 0.726042 0.029687 0.118750
4 0.938281 0.721875 0.023438 0.110417
4 0.951562 0.723958 0.025000 0.118750
2 0.589063 0.689583 0.053125 0.070833
2 0.458594 0.688542 0.054688 0.072917
2 0.470313 0.693750 0.053125 0.066667
4 0.053906 0.715625 0.032813 0.102083
4 0.041406 0.713542 0.026562 0.106250
4 0.014844 0.715625 0.026562 0.102083
2 0.541406 0.684375 0.051562 0.068750
2 0.446875 0.697917 0.062500 0.075000
4 0.271875 0.697917 0.025000 0.087500
