1 0.412500 0.690278 0.035417 0.036111
1 0.434896 0.694444 0.021875 0.027778
1 0.452083 0.698611 0.014583 0.022222
2 0.506250 0.706250 0.014583 0.018056
1 0.558333 0.665278 0.075000 0.130556
2 0.712500 0.709722 0.018750 0.019444
2 0.745313 0.711806 0.028125 0.026389
2 0.025000 0.693750 0.031250 0.018056
2 0.296354 0.764583 0.173958 0.143056
2 0.578125 0.732639 0.110417 0.131944
2 0.673438 0.725694 0.069792 0.068056
2 0.878646 0.720833 0.098958 0.080556
2 0.941146 0.720833 0.084375 0.072222
2 0.844271 0.716667 0.048958 0.038889
