4 0.036667 0.692500 0.040000 0.060000
2 0.640000 0.543750 0.053333 0.037500
2 0.750000 0.558750 0.060000 0.042500
2 0.170000 0.493750 0.026667 0.022500
2 0.210000 0.498750 0.046667 0.027500
2 0.178333 0.516250 0.043333 0.022500
2 0.140000 0.521250 0.046667 0.032500
2 0.106667 0.540000 0.060000 0.035000
2 0.056667 0.557500 0.080000 0.040000
2 0.020000 0.572500 0.033333 0.035000
2 0.075000 0.520000 0.056667 0.040000
2 0.470000 0.570000 0.046667 0.035000
2 0.548333 0.588750 0.056667 0.037500
2 0.763333 0.631250 0.093333 0.067500
2 0.896667 0.645000 0.106667 0.060000
2 0.528333 0.670000 0.070000 0.060000
2 0.603333 0.770000 0.126667 0.095000
2 0.265000 0.738750 0.096667 0.082500
2 0.280000 0.811250 0.113333 0.097500
2 0.111667 0.841250 0.176667 0.157500
2 0.248333 0.947500 0.183333 0.105000
1 0.923333 0.815000 0.153333 0.190000
