2 0.922009 0.216828 0.126068 0.090615
4 0.837607 0.288026 0.021368 0.071197
4 0.993590 0.291262 0.012821 0.064725
2 0.785256 0.231392 0.117521 0.061489
4 0.801282 0.192557 0.012821 0.055016
4 0.769231 0.216828 0.012821 0.064725
4 0.728632 0.215210 0.025641 0.080906
4 0.698718 0.207120 0.029915 0.097087
4 0.680556 0.208738 0.019231 0.087379
4 0.649573 0.203883 0.017094 0.090615
4 0.641026 0.203883 0.021368 0.097087
4 0.594017 0.192557 0.017094 0.074434
4 0.582265 0.195793 0.014957 0.074434
4 0.727564 0.305825 0.023504 0.093851
4 0.700855 0.296117 0.021368 0.113269
4 0.683761 0.309061 0.021368 0.087379
4 0.585470 0.281553 0.017094 0.110032
4 0.574786 0.286408 0.021368 0.106796
2 0.553419 0.226537 0.149573 0.064725
2 0.500000 0.226537 0.094017 0.071197
2 0.376068 0.231392 0.123932 0.074434
2 0.253205 0.294498 0.245726 0.135922
2 0.118590 0.296117 0.117521 0.132686
4 0.088675 0.310680 0.023504 0.122977
4 0.254274 0.221683 0.021368 0.093851
4 0.227564 0.223301 0.023504 0.090615
4 0.199786 0.216828 0.023504 0.103560
2 0.084402 0.236246 0.160256 0.097087
2 0.646368 0.862460 0.147436 0.177994
2 0.644231 0.750809 0.113248 0.129450
2 0.637821 0.723301 0.100427 0.106796
2 0.633547 0.665049 0.091880 0.093851
2 0.629274 0.590615 0.074786 0.093851
2 0.654915 0.485437 0.070513 0.084142
2 0.808761 0.443366 0.061966 0.071197
2 0.755342 0.530744 0.061966 0.077670
2 0.839744 0.546926 0.072650 0.110032
2 0.774573 0.665049 0.074786 0.106796
2 0.810897 0.718447 0.100427 0.155340
2 0.158120 0.956311 0.183761 0.087379
2 0.042735 0.888350 0.081197 0.190939
2 0.273504 0.807443 0.141026 0.158576
2 0.205128 0.745955 0.115385 0.126214
2 0.289530 0.655340 0.083333 0.100324
2 0.435897 0.600324 0.081197 0.132686
2 0.217949 0.572816 0.076923 0.084142
2 0.287393 0.472492 0.061966 0.077670
2 0.378205 0.438511 0.055556 0.061489
2 0.032051 0.493528 0.055556 0.100324
4 0.043803 0.545307 0.019231 0.067961
3 0.048077 0.574434 0.036325 0.061489
2 0.458333 0.221683 0.074786 0.055016
2 0.490385 0.182848 0.032051 0.042071
