1 0.890646 0.654195 0.218709 0.596372
2 0.683136 0.738095 0.075099 0.115646
2 0.660079 0.727891 0.055336 0.099773
2 0.628458 0.710884 0.034256 0.061224
2 0.619236 0.714286 0.028986 0.045351
2 0.615942 0.692744 0.040843 0.070295
2 0.600791 0.695011 0.023715 0.047619
2 0.546113 0.727891 0.069829 0.104308
2 0.567852 0.710884 0.028986 0.056689
2 0.565217 0.682540 0.021080 0.036281
2 0.565876 0.662132 0.019763 0.031746
2 0.564559 0.645125 0.022398 0.034014
2 0.599473 0.643991 0.026350 0.040816
2 0.555995 0.623583 0.021080 0.031746
2 0.553360 0.600907 0.018445 0.027211
2 0.588933 0.590703 0.021080 0.029478
2 0.552042 0.575964 0.015810 0.022676
2 0.548748 0.570295 0.017128 0.024943
2 0.548090 0.546485 0.021080 0.031746
2 0.579710 0.551020 0.015810 0.022676
2 0.579051 0.527211 0.017128 0.029478
2 0.551383 0.532880 0.017128 0.027211
2 0.551383 0.498866 0.017128 0.027211
2 0.577075 0.492063 0.015810 0.022676
1 0.582345 0.472789 0.021080 0.043084
1 0.552042 0.464853 0.021080 0.054422
1 0.578393 0.447846 0.021080 0.043084
2 0.551383 0.429705 0.014493 0.020408
2 0.554677 0.418367 0.015810 0.024943
2 0.574440 0.413832 0.015810 0.024943
2 0.596838 0.417234 0.013175 0.022676
1 0.576416 0.376417 0.011858 0.031746
2 0.555336 0.375283 0.011858 0.020408
2 0.572464 0.358277 0.011858 0.018141
1 0.574440 0.345805 0.013175 0.029478
1 0.593544 0.336735 0.014493 0.038549
2 0.557312 0.341270 0.013175 0.020408
2 0.138340 0.710884 0.055336 0.074830
2 0.179842 0.704082 0.040843 0.056689
2 0.220685 0.701814 0.048748 0.070295
2 0.243742 0.705215 0.023715 0.045351
2 0.277339 0.702948 0.051383 0.068027
2 0.301713 0.704082 0.031621 0.056689
2 0.318182 0.700680 0.035573 0.058957
1 0.336627 0.684807 0.035573 0.063492
2 0.358366 0.691610 0.026350 0.040816
2 0.380105 0.699546 0.025033 0.038549
2 0.394598 0.691610 0.025033 0.036281
2 0.405797 0.692744 0.021080 0.034014
2 0.372200 0.679138 0.025033 0.034014
2 0.388669 0.670068 0.021080 0.034014
2 0.403821 0.621315 0.025033 0.036281
2 0.428195 0.642857 0.023715 0.029478
2 0.438076 0.620181 0.017128 0.024943
2 0.441370 0.603175 0.021080 0.036281
1 0.410408 0.572562 0.030303 0.065760
1 0.445982 0.569161 0.025033 0.054422
2 0.457181 0.555556 0.010540 0.022676
2 0.422925 0.556689 0.015810 0.029478
2 0.428195 0.540816 0.018445 0.029478
2 0.465744 0.532880 0.017128 0.027211
2 0.434783 0.530612 0.018445 0.027211
2 0.435441 0.509070 0.017128 0.024943
2 0.469038 0.501134 0.015810 0.022676
2 0.444664 0.479592 0.022398 0.038549
2 0.482872 0.463719 0.014493 0.020408
2 0.488142 0.445578 0.017128 0.024943
1 0.464427 0.430839 0.019763 0.049887
2 0.492095 0.428571 0.014493 0.022676
2 0.495389 0.414966 0.013175 0.018141
2 0.500659 0.400227 0.013175 0.020408
2 0.474967 0.400227 0.017128 0.020408
2 0.476943 0.385488 0.013175 0.018141
2 0.504611 0.368481 0.013175 0.020408
1 0.482213 0.369615 0.015810 0.031746
1 0.492095 0.337868 0.014493 0.031746
1 0.496047 0.327664 0.017128 0.034014
