1 0.916431 0.908197 0.167139 0.183607
2 0.822946 0.967213 0.101983 0.065574
2 0.835694 0.614754 0.070822 0.114754
2 0.841360 0.567213 0.070822 0.137705
2 0.771955 0.495082 0.059490 0.111475
2 0.646601 0.485246 0.052408 0.111475
2 0.816572 0.411475 0.058074 0.121311
2 0.757082 0.359016 0.066572 0.140984
2 0.884561 0.350820 0.109065 0.098361
2 0.667847 0.278689 0.049575 0.091803
2 0.663598 0.259016 0.041076 0.078689
4 0.626062 0.262295 0.014164 0.111475
4 0.613314 0.270492 0.014164 0.095082
1 0.339943 0.086885 0.050992 0.160656
2 0.300283 0.145902 0.036827 0.081967
2 0.234419 0.062295 0.032578 0.065574
2 0.274079 0.044262 0.026912 0.075410
2 0.264164 0.054098 0.032578 0.062295
2 0.678470 0.855738 0.110482 0.190164
2 0.567989 0.754098 0.093484 0.190164
2 0.548867 0.708197 0.083569 0.177049
2 0.482295 0.663934 0.083569 0.134426
2 0.466006 0.618033 0.079320 0.147541
2 0.405807 0.560656 0.066572 0.170492
2 0.339943 0.513115 0.076487 0.140984
2 0.371105 0.496721 0.059490 0.127869
2 0.308782 0.421311 0.067989 0.140984
2 0.373229 0.377049 0.049575 0.144262
2 0.271246 0.342623 0.038244 0.075410
2 0.250708 0.303279 0.045326 0.088525
2 0.275496 0.283607 0.046742 0.095082
2 0.243626 0.260656 0.045326 0.095082
2 0.209632 0.222951 0.042493 0.078689
2 0.215297 0.198361 0.039660 0.068852
2 0.194759 0.170492 0.032578 0.072131
2 0.192635 0.065574 0.033994 0.072131
2 0.157932 0.090164 0.038244 0.075410
2 0.161473 0.037705 0.031161 0.068852
2 0.147309 0.032787 0.025496 0.059016
2 0.042493 0.026230 0.025496 0.045902
2 0.051700 0.029508 0.026912 0.052459
2 0.062323 0.052459 0.036827 0.078689
2 0.071530 0.067213 0.038244 0.081967
2 0.079320 0.090164 0.039660 0.081967
2 0.088527 0.111475 0.043909 0.085246
1 0.106941 0.111475 0.072238 0.177049
2 0.097025 0.181967 0.038244 0.075410
2 0.128187 0.200000 0.041076 0.091803
1 0.161473 0.214754 0.059490 0.154098
2 0.163598 0.267213 0.046742 0.095082
2 0.183428 0.280328 0.049575 0.088525
2 0.206091 0.329508 0.049575 0.095082
2 0.242918 0.393443 0.055241 0.098361
2 0.595609 0.968852 0.117564 0.062295
2 0.553824 0.926230 0.116147 0.147541
2 0.489377 0.857377 0.103399 0.186885
2 0.468839 0.798361 0.101983 0.173770
2 0.408640 0.752459 0.089235 0.180328
2 0.359065 0.706557 0.083569 0.154098
2 0.333569 0.618033 0.077904 0.180328
2 0.322238 0.601639 0.066572 0.180328
2 0.268414 0.536066 0.043909 0.160656
2 0.216006 0.470492 0.055241 0.121311
2 0.184844 0.445902 0.058074 0.124590
2 0.183428 0.419672 0.049575 0.118033
2 0.151558 0.393443 0.050992 0.111475
2 0.170680 0.359016 0.058074 0.114754
2 0.153683 0.345902 0.049575 0.114754
2 0.138102 0.339344 0.052408 0.127869
2 0.120397 0.321311 0.050992 0.104918
2 0.108357 0.298361 0.055241 0.111475
2 0.097734 0.285246 0.050992 0.098361
2 0.084986 0.259016 0.050992 0.104918
2 0.074363 0.249180 0.038244 0.072131
2 0.059490 0.226230 0.042493 0.085246
2 0.061615 0.195082 0.038244 0.101639
2 0.048867 0.191803 0.043909 0.108197
2 0.036119 0.183607 0.041076 0.091803
2 0.037535 0.149180 0.035411 0.075410
2 0.026204 0.136066 0.041076 0.075410
2 0.021955 0.113115 0.035411 0.068852
2 0.014164 0.093443 0.025496 0.062295
2 0.012040 0.229508 0.021246 0.065574
2 0.012040 0.249180 0.021246 0.072131
2 0.009207 0.255738 0.015581 0.072131
2 0.017705 0.285246 0.032578 0.098361
2 0.021246 0.295082 0.039660 0.104918
2 0.026204 0.309836 0.043909 0.088525
2 0.038244 0.313115 0.056657 0.121311
2 0.036119 0.354098 0.046742 0.111475
2 0.050283 0.365574 0.052408 0.101639
2 0.053116 0.380328 0.046742 0.104918
2 0.057365 0.400000 0.049575 0.118033
2 0.062323 0.408197 0.050992 0.127869
2 0.062323 0.424590 0.042493 0.114754
2 0.087110 0.434426 0.063739 0.147541
2 0.101275 0.467213 0.069405 0.140984
2 0.110482 0.511475 0.062323 0.124590
2 0.135977 0.555738 0.067989 0.134426
2 0.158640 0.585246 0.070822 0.160656
2 0.182720 0.677049 0.067989 0.140984
1 0.223088 0.603279 0.114731 0.334426
2 0.235127 0.719672 0.076487 0.147541
2 0.238669 0.754098 0.080737 0.177049
2 0.242210 0.765574 0.087819 0.173770
2 0.264164 0.795082 0.086402 0.180328
2 0.298159 0.813115 0.114731 0.222951
2 0.381020 0.949180 0.110482 0.101639
2 0.484419 0.967213 0.113314 0.065574
