2 0.519286 0.883621 0.167143 0.219828
2 0.421429 0.806034 0.074286 0.094828
2 0.485714 0.824353 0.085714 0.114224
2 0.511429 0.760776 0.068571 0.068966
2 0.502857 0.742457 0.048571 0.053879
2 0.497857 0.710129 0.058571 0.075431
2 0.497857 0.681034 0.055714 0.060345
2 0.505714 0.662716 0.054286 0.062500
2 0.496429 0.566810 0.030000 0.038793
2 0.497143 0.552802 0.020000 0.028017
2 0.503571 0.525862 0.027143 0.034483
2 0.506429 0.512931 0.018571 0.025862
2 0.496429 0.497845 0.018571 0.025862
2 0.502143 0.468750 0.018571 0.028017
2 0.501429 0.439655 0.017143 0.021552
2 0.652143 0.553879 0.061429 0.038793
2 0.732857 0.548491 0.062857 0.032328
2 0.177857 0.881466 0.195714 0.237069
2 0.277857 0.856681 0.098571 0.122845
2 0.347857 0.796336 0.075714 0.088362
2 0.374286 0.767241 0.077143 0.090517
2 0.397143 0.735991 0.051429 0.058190
2 0.396429 0.725216 0.055714 0.062500
2 0.425000 0.627155 0.035714 0.043103
2 0.441429 0.590517 0.028571 0.038793
2 0.447857 0.562500 0.032857 0.043103
2 0.456429 0.538793 0.024286 0.034483
2 0.471429 0.451509 0.020000 0.028017
2 0.467143 0.429957 0.017143 0.023707
2 0.472143 0.422414 0.015714 0.017241
2 0.499286 0.390086 0.012857 0.017241
2 0.481429 0.393319 0.008571 0.010776
2 0.465714 0.394397 0.011429 0.017241
1 0.449286 0.393319 0.015714 0.015086
1 0.427857 0.387931 0.012857 0.017241
1 0.410714 0.386853 0.012857 0.023707
2 0.377143 0.412716 0.014286 0.019397
2 0.350000 0.417026 0.014286 0.015086
2 0.372143 0.438578 0.030000 0.023707
2 0.330000 0.474138 0.020000 0.025862
2 0.370714 0.559267 0.021429 0.028017
2 0.360000 0.565733 0.025714 0.028017
2 0.291429 0.534483 0.028571 0.034483
1 0.244286 0.511853 0.040000 0.075431
1 0.212143 0.581897 0.044286 0.068966
2 0.167857 0.648707 0.035714 0.038793
2 0.092143 0.650862 0.047143 0.051724
2 0.060000 0.681034 0.040000 0.043103
