4 0.516304 0.677989 0.130435 0.644022
4 0.616848 0.509511 0.027174 0.122283
4 0.738225 0.505435 0.023551 0.114130
2 0.992754 0.509511 0.014493 0.040761
2 0.967391 0.498641 0.065217 0.062500
2 0.961957 0.497283 0.072464 0.065217
2 0.954710 0.493207 0.090580 0.057065
2 0.913043 0.489130 0.086957 0.070652
2 0.884964 0.487772 0.067029 0.062500
2 0.867754 0.482337 0.057971 0.046196
2 0.838768 0.486413 0.057971 0.048913
2 0.829710 0.479620 0.054348 0.046196
2 0.812500 0.482337 0.059783 0.051630
2 0.794384 0.471467 0.056159 0.040761
4 0.701087 0.485054 0.018116 0.078804
