4 0.165833 0.446667 0.018333 0.071111
4 0.157500 0.437778 0.015000 0.066667
4 0.015000 0.514444 0.026667 0.086667
4 0.057500 0.527778 0.031667 0.091111
4 0.453333 0.548889 0.026667 0.093333
4 0.898333 0.545556 0.033333 0.086667
4 0.695000 0.371111 0.013333 0.040000
4 0.680833 0.367778 0.015000 0.046667
4 0.339167 0.301111 0.008333 0.028889
4 0.345833 0.288889 0.008333 0.026667
4 0.302500 0.323333 0.008333 0.028889
4 0.270833 0.355556 0.011667 0.040000
4 0.249167 0.360000 0.011667 0.048889
4 0.236667 0.380000 0.016667 0.053333
2 0.410000 0.273333 0.023333 0.035556
2 0.454167 0.267778 0.018333 0.020000
2 0.503333 0.275556 0.020000 0.022222
2 0.523333 0.287778 0.023333 0.024444
2 0.355000 0.287778 0.023333 0.024444
2 0.665000 0.326667 0.066667 0.031111
2 0.622500 0.321111 0.048333 0.033333
1 0.666667 0.268889 0.050000 0.031111
2 0.603333 0.288889 0.043333 0.026667
2 0.372500 0.308889 0.021667 0.026667
2 0.413333 0.315556 0.023333 0.026667
2 0.346667 0.353333 0.036667 0.048889
2 0.410000 0.350000 0.036667 0.037778
2 0.392500 0.412222 0.051667 0.082222
2 0.520000 0.315556 0.030000 0.031111
2 0.516667 0.347778 0.040000 0.033333
1 0.577500 0.341111 0.055000 0.073333
2 0.519167 0.382222 0.048333 0.057778
2 0.577500 0.410000 0.048333 0.055556
2 0.647500 0.367778 0.048333 0.051111
2 0.526667 0.448889 0.056667 0.071111
2 0.651667 0.475556 0.070000 0.080000
2 0.589167 0.592222 0.105000 0.135556
2 0.350833 0.545556 0.091667 0.144444
2 0.072500 0.851111 0.141667 0.288889
2 0.037500 0.321111 0.035000 0.024444
2 0.164167 0.286667 0.021667 0.022222
