1 0.939091 0.970423 0.118182 0.059155
1 0.823636 0.850704 0.112727 0.214085
1 0.830909 0.794366 0.072727 0.135211
1 0.751818 0.804225 0.052727 0.092958
1 0.682727 0.721127 0.038182 0.073239
1 0.660909 0.705634 0.038182 0.070423
2 0.633636 0.698592 0.020000 0.033803
2 0.603636 0.711268 0.025455 0.036620
1 0.600909 0.677465 0.030909 0.047887
1 0.641818 0.680282 0.032727 0.053521
1 0.567273 0.656338 0.032727 0.056338
2 0.553636 0.667606 0.012727 0.028169
2 0.544545 0.660563 0.020000 0.030986
1 0.346364 0.654930 0.027273 0.042254
2 0.413636 0.684507 0.020000 0.028169
1 0.349091 0.723944 0.043636 0.090141
1 0.393636 0.739437 0.052727 0.087324
2 0.430000 0.816901 0.045455 0.056338
2 0.337273 0.815493 0.045455 0.053521
2 0.183636 0.832394 0.050909 0.076056
2 0.108182 0.878873 0.063636 0.067606
2 0.190909 0.887324 0.065455 0.078873
2 0.344545 0.930986 0.060000 0.081690
