2 0.929000 0.819340 0.054000 0.064468
1 0.984000 0.772864 0.032000 0.085457
1 0.967500 0.774363 0.031000 0.064468
1 0.895000 0.774363 0.042000 0.094453
2 0.925500 0.792354 0.029000 0.028486
2 0.883500 0.799850 0.033000 0.049475
1 0.856000 0.786357 0.052000 0.100450
1 0.809500 0.775112 0.123000 0.239880
1 0.732500 0.760870 0.101000 0.202399
2 0.708500 0.835082 0.073000 0.077961
2 0.642500 0.871064 0.139000 0.188906
2 0.616000 0.849325 0.078000 0.106447
2 0.536000 0.818591 0.076000 0.116942
2 0.476500 0.841079 0.097000 0.098951
2 0.349000 0.898051 0.162000 0.185907
2 0.303000 0.858321 0.104000 0.127436
2 0.098500 0.870315 0.161000 0.193403
1 0.163000 0.766867 0.166000 0.205397
1 0.558500 0.778861 0.061000 0.082459
1 0.623500 0.773613 0.071000 0.086957
