2 0.248212 0.619195 0.077630 0.052632
2 0.867211 0.637771 0.044944 0.052632
2 0.704801 0.631579 0.049030 0.049536
2 0.816139 0.690402 0.063330 0.080495
2 0.515322 0.672601 0.078652 0.085139
2 0.732380 0.863777 0.098059 0.126935
2 0.333504 0.682663 0.088866 0.071207
2 0.652196 0.578173 0.041879 0.051084
2 0.630235 0.573529 0.032686 0.038700
2 0.661389 0.555728 0.033708 0.040248
2 0.716037 0.578173 0.036772 0.038700
2 0.755873 0.551084 0.030644 0.034056
2 0.730848 0.537926 0.025536 0.029412
2 0.764556 0.534056 0.029622 0.040248
2 0.860061 0.565015 0.030644 0.037152
2 0.829928 0.547214 0.027579 0.029412
