2 0.098570 0.350769 0.092952 0.095385
2 0.082227 0.380000 0.084780 0.095385
2 0.042901 0.415385 0.077630 0.089231
2 0.020429 0.444615 0.038815 0.083077
2 0.103677 0.458462 0.080695 0.113846
2 0.042901 0.552308 0.083759 0.138462
1 0.215526 0.409231 0.161389 0.249231
2 0.278345 0.293846 0.078652 0.083077
2 0.347804 0.288462 0.066394 0.075385
2 0.372829 0.346154 0.083759 0.110769
2 0.328396 0.403077 0.078652 0.147692
2 0.358529 0.500769 0.108274 0.096923
2 0.290092 0.545385 0.104188 0.112308
2 0.420838 0.322308 0.063330 0.090769
2 0.486210 0.356923 0.075587 0.101538
2 0.443309 0.380769 0.096016 0.115385
2 0.426966 0.439231 0.098059 0.112308
2 0.478039 0.575385 0.138917 0.144615
2 0.522472 0.336923 0.076609 0.095385
2 0.638917 0.398462 0.097038 0.116923
2 0.698161 0.338462 0.076609 0.098462
2 0.718080 0.303077 0.079673 0.095385
2 0.812564 0.316154 0.078652 0.096923
2 0.850358 0.466154 0.113381 0.141538
2 0.854443 0.561538 0.111338 0.135385
2 0.796221 0.586154 0.127681 0.153846
2 0.656282 0.566923 0.121553 0.140000
2 0.590398 0.640000 0.153218 0.187692
2 0.402451 0.726923 0.173647 0.250769
2 0.216037 0.744615 0.350358 0.418462
2 0.045965 0.743077 0.087845 0.344615
2 0.813075 0.755385 0.224719 0.249231
2 0.919816 0.712308 0.144025 0.178462
2 0.946885 0.609231 0.106231 0.169231
2 0.969867 0.464615 0.056180 0.120000
2 0.980082 0.363077 0.039837 0.092308
