2 0.394063 0.226006 0.045036 0.052632
2 0.499488 0.247678 0.042989 0.043344
2 0.812180 0.390093 0.076766 0.086687
2 0.218014 0.227554 0.036847 0.043344
2 0.241044 0.244582 0.041965 0.043344
2 0.486182 0.235294 0.040942 0.046440
2 0.181679 0.233746 0.044012 0.061920
2 0.101842 0.237616 0.044012 0.054180
1 0.091095 0.203560 0.047083 0.072755
2 0.599284 0.298762 0.050154 0.055728
2 0.691914 0.346749 0.065507 0.061920
2 0.707267 0.297988 0.057318 0.054180
2 0.752303 0.267802 0.069601 0.065015
1 0.771750 0.372291 0.102354 0.147059
2 0.178096 0.267028 0.051177 0.060372
2 0.232344 0.338235 0.059365 0.097523
2 0.166325 0.421827 0.080860 0.097523
1 0.331116 0.423375 0.097236 0.140867
2 0.428864 0.416409 0.081883 0.111455
2 0.505629 0.458978 0.079836 0.103715
2 0.447799 0.533282 0.105425 0.116099
2 0.360287 0.603715 0.135107 0.188854
4 0.056807 0.446594 0.037871 0.094427
2 0.083930 0.598297 0.137155 0.156347
2 0.195496 0.660991 0.182190 0.204334
2 0.156090 0.744582 0.248721 0.232198
