2 0.418284 0.250762 0.041879 0.053354
2 0.500511 0.253811 0.040858 0.047256
2 0.542390 0.278963 0.038815 0.048780
2 0.879469 0.303354 0.081716 0.073171
2 0.168029 0.234756 0.050051 0.045732
2 0.208887 0.236280 0.039837 0.039634
2 0.232380 0.249238 0.037794 0.047256
2 0.096016 0.237805 0.040858 0.051829
1 0.082737 0.220274 0.042901 0.065549
4 0.062819 0.427591 0.033708 0.086890
2 0.648621 0.333079 0.057201 0.062500
2 0.770174 0.342226 0.067416 0.062500
2 0.753320 0.394817 0.068437 0.070122
1 0.917263 0.421494 0.128703 0.166159
2 0.162411 0.261433 0.044944 0.053354
2 0.220123 0.315549 0.056180 0.082317
2 0.364658 0.390244 0.069459 0.100610
1 0.294688 0.401677 0.080695 0.120427
2 0.151685 0.394055 0.070480 0.080793
2 0.433606 0.423780 0.076609 0.082317
2 0.437181 0.501524 0.089888 0.103659
2 0.386108 0.564787 0.100102 0.160061
2 0.344229 0.611280 0.149132 0.158537
2 0.338611 0.702744 0.182840 0.195122
2 0.201226 0.557927 0.124617 0.143293
2 0.073034 0.532774 0.109295 0.117378
2 0.020940 0.634146 0.037794 0.137195
