2 0.743367 0.457822 0.023469 0.029141
2 0.777041 0.493865 0.039796 0.052147
2 0.817347 0.542945 0.030612 0.055215
2 0.869898 0.590491 0.052041 0.052147
2 0.518878 0.396472 0.015306 0.016871
1 0.486735 0.378834 0.038776 0.058282
2 0.465816 0.413344 0.017347 0.026074
2 0.447959 0.427147 0.024490 0.026074
2 0.431633 0.453221 0.022449 0.038344
2 0.422449 0.483129 0.026531 0.033742
2 0.534694 0.459356 0.022449 0.032209
2 0.462755 0.513037 0.025510 0.035276
2 0.365306 0.509969 0.036735 0.047546
2 0.449490 0.631135 0.037755 0.069018
1 0.496939 0.852761 0.067347 0.184049
2 0.546429 0.397239 0.017347 0.018405
2 0.568878 0.398773 0.017347 0.021472
2 0.593878 0.387270 0.018367 0.023006
2 0.987755 0.422546 0.024490 0.032209
2 0.971429 0.407975 0.028571 0.024540
2 0.756633 0.344325 0.017347 0.019939
