2 0.581633 0.249231 0.020408 0.024615
2 1.102551 0.298462 0.035714 0.027692
2 0.581122 0.327692 0.023469 0.027692
1 0.530102 0.314615 0.035714 0.072308
2 0.513265 0.389231 0.026531 0.049231
2 0.543878 0.446923 0.030612 0.044615
2 0.460714 0.446923 0.029592 0.044615
2 0.413265 0.388462 0.032653 0.047692
1 0.454082 0.320769 0.048980 0.093846
2 0.387245 0.425385 0.027551 0.044615
2 0.530612 0.519231 0.044898 0.072308
2 0.354082 0.486923 0.044898 0.066154
2 0.456122 0.579231 0.042857 0.081538
2 0.326531 0.561538 0.048980 0.080000
1 0.348980 0.680769 0.065306 0.124615
2 0.445918 0.790769 0.055102 0.135385
2 0.197449 0.664615 0.078571 0.104615
2 0.847959 0.490000 0.048980 0.050769
2 0.948980 0.603846 0.093878 0.118462
2 0.950510 0.301538 0.039796 0.027692
2 0.806122 0.249231 0.026531 0.021538
