2 0.384694 0.268817 0.032653 0.043011
2 0.445918 0.276498 0.030612 0.033794
2 0.481633 0.275730 0.026531 0.029186
2 0.528571 0.295699 0.036735 0.041475
2 0.584694 0.281874 0.046939 0.041475
2 0.308673 0.290323 0.043878 0.036866
2 0.327551 0.317204 0.042857 0.044547
2 0.265306 0.311828 0.040816 0.049155
2 0.209184 0.318740 0.044898 0.056836
2 0.179082 0.303379 0.031633 0.047619
1 0.173980 0.255760 0.045918 0.069124
2 0.265816 0.347926 0.041837 0.059908
1 0.587245 0.335637 0.066327 0.109063
2 0.659694 0.354071 0.052041 0.050691
2 0.765306 0.443932 0.077551 0.076805
2 0.969388 0.486943 0.061224 0.104455
2 0.313776 0.417051 0.060204 0.090630
1 0.391327 0.486943 0.092857 0.132104
2 0.509184 0.509985 0.085714 0.135177
2 0.664796 0.546851 0.103061 0.116743
2 0.393878 0.606759 0.124490 0.135177
2 0.241327 0.512289 0.088776 0.102919
2 0.205102 0.672811 0.181633 0.215054
4 0.084184 0.505376 0.037755 0.104455
