4 0.577567 0.645833 0.010045 0.069444
2 0.588728 0.639881 0.039062 0.065476
1 0.606585 0.617063 0.034598 0.071429
4 0.644531 0.632937 0.007812 0.039683
4 0.717076 0.633929 0.012277 0.049603
4 0.741629 0.629960 0.012277 0.053571
4 0.767857 0.635913 0.017857 0.065476
4 0.863839 0.614087 0.017857 0.073413
2 0.515625 0.640873 0.017857 0.023810
1 0.486049 0.619048 0.027902 0.071429
2 0.482701 0.633929 0.034598 0.057540
2 0.441406 0.666667 0.083705 0.130952
4 0.294643 0.666667 0.022321 0.103175
4 0.207589 0.674603 0.046875 0.162698
0 0.210938 0.718254 0.046875 0.115079
4 0.117746 0.696429 0.083705 0.250000
3 0.117188 0.771825 0.087054 0.190476
