2 0.534040 0.626984 0.018973 0.023810
2 0.550781 0.636905 0.018973 0.027778
2 0.501674 0.616071 0.018973 0.029762
2 0.513951 0.635913 0.021205 0.033730
2 0.493862 0.649802 0.041295 0.061508
1 0.480469 0.618056 0.032366 0.081349
1 0.463728 0.629960 0.041295 0.073413
2 0.606027 0.630952 0.029018 0.035714
1 0.603237 0.617063 0.034598 0.067460
2 0.626674 0.636905 0.034598 0.051587
2 0.464844 0.665675 0.063616 0.081349
2 0.689732 0.640873 0.073661 0.099206
2 0.784598 0.635913 0.080357 0.073413
2 0.865513 0.636905 0.097098 0.099206
4 0.970424 0.599206 0.018973 0.079365
4 0.399554 0.650794 0.013393 0.047619
4 0.383371 0.658730 0.014509 0.059524
4 0.371652 0.660714 0.013393 0.079365
4 0.342076 0.664683 0.016741 0.079365
4 0.328683 0.658730 0.012277 0.079365
4 0.261719 0.665675 0.023438 0.105159
4 0.222656 0.671627 0.023438 0.121032
