2 0.515625 0.640873 0.022321 0.031746
1 0.482701 0.614087 0.034598 0.081349
1 0.479911 0.637897 0.040179 0.065476
2 0.542969 0.629960 0.023438 0.029762
1 0.606027 0.617063 0.033482 0.059524
2 0.728795 0.656746 0.082589 0.103175
4 0.885045 0.611111 0.020089 0.079365
4 0.774554 0.631944 0.013393 0.061508
4 0.643973 0.631944 0.008929 0.041667
4 0.454241 0.644841 0.008929 0.039683
4 0.420201 0.646825 0.012277 0.051587
4 0.382812 0.660714 0.015625 0.067460
4 0.400670 0.651786 0.011161 0.053571
2 0.279576 0.697421 0.204241 0.263889
4 0.578683 0.641865 0.014509 0.069444
