2 0.475446 0.633929 0.024554 0.037698
2 0.556920 0.629960 0.026786 0.033730
2 0.588170 0.628968 0.031250 0.043651
4 0.670759 0.629960 0.013393 0.057540
4 0.693080 0.631944 0.013393 0.061508
4 0.714844 0.628968 0.010045 0.055556
4 0.745536 0.629960 0.015625 0.057540
4 0.930804 0.614087 0.024554 0.097222
4 0.356585 0.632937 0.010045 0.035714
4 0.347656 0.630952 0.007812 0.039683
4 0.304688 0.643849 0.015625 0.085317
4 0.255022 0.647817 0.021205 0.085317
4 0.230469 0.643849 0.023438 0.089286
4 0.112723 0.670635 0.026786 0.126984
4 0.050781 0.666667 0.032366 0.146825
4 0.424107 0.742063 0.129464 0.515873
0 0.421875 0.844246 0.125000 0.303571
