2 0.634660 0.620833 0.016393 0.025000
2 0.627049 0.612500 0.012881 0.020833
2 0.632319 0.642708 0.016393 0.027083
2 0.629977 0.658333 0.021077 0.033333
2 0.625293 0.693750 0.028103 0.041667
2 0.650468 0.612500 0.015222 0.020833
2 0.658080 0.619792 0.016393 0.022917
2 0.661007 0.634375 0.017564 0.022917
2 0.661007 0.652083 0.017564 0.025000
2 0.666276 0.668750 0.025761 0.041667
2 0.681499 0.623958 0.014052 0.022917
2 0.689696 0.637500 0.018735 0.025000
2 0.690867 0.651042 0.021077 0.027083
2 0.696721 0.664583 0.021077 0.033333
2 0.706674 0.698958 0.029274 0.043750
2 0.717799 0.740625 0.037471 0.060417
2 0.776932 0.676042 0.022248 0.031250
2 0.741803 0.644792 0.017564 0.027083
2 0.800937 0.646875 0.023419 0.027083
2 0.813232 0.681250 0.029274 0.033333
2 0.793911 0.667708 0.023419 0.027083
4 0.831967 0.763542 0.015222 0.060417
4 0.862998 0.813542 0.016393 0.072917
4 0.862412 0.787500 0.017564 0.066667
4 0.843091 0.773958 0.016393 0.064583
4 0.882319 0.807292 0.017564 0.072917
4 0.887588 0.840625 0.016393 0.081250
4 0.901054 0.837500 0.017564 0.075000
4 0.916862 0.879167 0.025761 0.095833
4 0.952576 0.853125 0.019906 0.085417
4 0.941452 0.833333 0.016393 0.079167
2 0.860070 0.619792 0.036300 0.027083
2 0.915691 0.619792 0.035129 0.022917
4 0.053279 0.941667 0.024590 0.091667
4 0.076698 0.894792 0.022248 0.085417
4 0.137588 0.854167 0.017564 0.075000
4 0.167447 0.837500 0.014052 0.075000
4 0.180328 0.836458 0.016393 0.081250
4 0.186768 0.827083 0.015222 0.070833
4 0.251756 0.787500 0.014052 0.062500
4 0.260539 0.780208 0.015222 0.060417
4 0.288056 0.765625 0.014052 0.060417
4 0.318501 0.747917 0.011710 0.050000
2 0.593677 0.637500 0.021077 0.037500
2 0.584895 0.664583 0.022248 0.033333
2 0.576112 0.685417 0.028103 0.041667
2 0.560304 0.654167 0.019906 0.033333
2 0.537471 0.647917 0.021077 0.029167
2 0.526347 0.662500 0.019906 0.029167
2 0.540984 0.680208 0.025761 0.035417
2 0.554450 0.713542 0.029274 0.043750
2 0.520492 0.702083 0.024590 0.041667
2 0.490632 0.696875 0.032787 0.035417
2 0.507611 0.673958 0.024590 0.035417
2 0.461944 0.659375 0.022248 0.027083
2 0.502342 0.726042 0.035129 0.047917
2 0.533372 0.752083 0.040984 0.058333
2 0.454333 0.732292 0.037471 0.047917
2 0.464286 0.772917 0.045667 0.058333
2 0.415105 0.684375 0.026932 0.031250
2 0.317330 0.647917 0.037471 0.033333
2 0.367096 0.640625 0.036300 0.027083
2 0.426815 0.620833 0.017564 0.020833
2 0.447892 0.620833 0.012881 0.020833
2 0.610656 0.729167 0.031616 0.050000
2 0.599532 0.780208 0.037471 0.064583
2 0.580796 0.822917 0.044496 0.091667
2 0.545667 0.929167 0.074941 0.116667
2 0.500585 0.807292 0.052693 0.081250
2 0.433255 0.805208 0.051522 0.072917
2 0.378220 0.789583 0.058548 0.066667
2 0.381148 0.865625 0.073770 0.093750
2 0.454918 0.873958 0.066745 0.097917
2 0.320258 0.856250 0.078454 0.083333
2 0.663934 0.698958 0.025761 0.035417
2 0.666276 0.764583 0.035129 0.058333
2 0.663349 0.838542 0.048009 0.077083
1 0.783372 0.858333 0.149883 0.262500
2 0.664520 0.969792 0.083138 0.060417
2 0.281616 0.936458 0.122951 0.127083
2 0.174473 0.939583 0.138173 0.120833
2 0.367096 0.969792 0.090164 0.060417
2 0.974824 0.758333 0.048009 0.066667
2 0.930328 0.731250 0.038642 0.054167
2 0.912178 0.716667 0.049180 0.054167
