2 0.631733 0.618750 0.017564 0.029167
2 0.626464 0.610417 0.011710 0.020833
2 0.660422 0.642708 0.018735 0.027083
2 0.663934 0.654167 0.023419 0.037500
2 0.687354 0.632292 0.018735 0.027083
2 0.688525 0.648958 0.021077 0.027083
2 0.695550 0.657292 0.021077 0.027083
2 0.702576 0.681250 0.030445 0.041667
2 0.629977 0.645833 0.021077 0.033333
2 0.629391 0.677083 0.024590 0.033333
2 0.664520 0.680208 0.022248 0.035417
2 0.618852 0.707292 0.029274 0.043750
2 0.607143 0.742708 0.033958 0.052083
2 0.665691 0.736458 0.031616 0.047917
2 0.662763 0.787500 0.039813 0.062500
2 0.594848 0.785417 0.037471 0.079167
2 0.590164 0.645833 0.021077 0.045833
2 0.576112 0.680208 0.023419 0.035417
2 0.564403 0.702083 0.030445 0.045833
2 0.553279 0.662500 0.017564 0.029167
2 0.530445 0.658333 0.023419 0.033333
2 0.529274 0.695833 0.030445 0.041667
2 0.515808 0.670833 0.022248 0.037500
2 0.536300 0.736458 0.039813 0.047917
2 0.503513 0.720833 0.028103 0.045833
2 0.516393 0.781250 0.044496 0.066667
2 0.487119 0.743750 0.037471 0.054167
2 0.494731 0.686458 0.026932 0.043750
2 0.468384 0.714583 0.035129 0.045833
2 0.401054 0.685417 0.031616 0.041667
4 0.827869 0.764583 0.016393 0.066667
4 0.855972 0.807292 0.016393 0.068750
4 0.862998 0.814583 0.014052 0.070833
4 0.887588 0.842708 0.018735 0.085417
4 0.916276 0.879167 0.026932 0.095833
4 0.955504 0.852083 0.021077 0.091667
4 0.941452 0.833333 0.018735 0.083333
4 0.906323 0.829167 0.028103 0.095833
4 0.879391 0.810417 0.016393 0.079167
4 0.862998 0.794792 0.016393 0.072917
4 0.844262 0.778125 0.014052 0.072917
4 0.795082 0.716667 0.011710 0.045833
4 0.317916 0.746875 0.010539 0.047917
4 0.286300 0.763542 0.012881 0.056250
4 0.258782 0.782292 0.014052 0.060417
4 0.250585 0.785417 0.014052 0.066667
4 0.168033 0.836458 0.015222 0.068750
4 0.180913 0.836458 0.017564 0.072917
4 0.187354 0.828125 0.014052 0.068750
4 0.137588 0.856250 0.015222 0.079167
4 0.096604 0.914583 0.022248 0.091667
4 0.076698 0.895833 0.022248 0.091667
4 0.114754 0.866667 0.021077 0.083333
4 0.100703 0.859375 0.016393 0.072917
2 0.316159 0.645833 0.032787 0.033333
2 0.407494 0.645833 0.028103 0.033333
2 0.362412 0.643750 0.040984 0.029167
2 0.447892 0.640625 0.022248 0.031250
2 0.413349 0.762500 0.046838 0.054167
2 0.451405 0.789583 0.045667 0.070833
2 0.477166 0.837500 0.059719 0.083333
2 0.408665 0.828125 0.058548 0.081250
2 0.423888 0.916667 0.077283 0.116667
2 0.331382 0.913542 0.088993 0.106250
2 0.310890 0.842708 0.073770 0.089583
2 0.218970 0.940625 0.117096 0.106250
2 0.565574 0.863542 0.063232 0.093750
1 0.742389 0.779167 0.091335 0.179167
2 0.662763 0.933333 0.063232 0.108333
2 0.768150 0.955208 0.074941 0.089583
2 0.975995 0.753125 0.048009 0.056250
2 0.933255 0.733333 0.042155 0.054167
2 0.911593 0.714583 0.050351 0.050000
2 0.807377 0.680208 0.024590 0.031250
2 0.796253 0.669792 0.023419 0.027083
2 0.785129 0.659375 0.022248 0.031250
2 0.774590 0.652083 0.022248 0.033333
2 0.920375 0.618750 0.037471 0.025000
2 0.870023 0.618750 0.037471 0.029167
