1 0.317330 0.445833 0.056206 0.100000
2 0.359485 0.458333 0.035129 0.050000
2 0.313232 0.466667 0.038642 0.058333
2 0.278689 0.491667 0.060890 0.120833
2 0.296253 0.476042 0.053864 0.081250
2 0.225995 0.495833 0.060890 0.104167
2 0.193208 0.507292 0.063232 0.114583
4 0.185597 0.384375 0.015222 0.064583
4 0.550937 0.491667 0.029274 0.141667
4 0.416276 0.464583 0.012881 0.066667
4 0.391101 0.491667 0.018735 0.120833
4 0.591335 0.522917 0.039813 0.195833
4 0.515808 0.553125 0.050351 0.256250
4 0.463700 0.546875 0.067916 0.264583
4 0.341920 0.512500 0.039813 0.120833
3 0.340749 0.543750 0.039813 0.112500
4 0.234192 0.617708 0.074941 0.335417
0 0.233021 0.689583 0.074941 0.266667
2 0.148712 0.528125 0.121780 0.152083
2 0.045082 0.507292 0.087822 0.177083
