2 0.032366 0.490079 0.062500 0.091270
2 0.105469 0.474206 0.085938 0.091270
2 0.182478 0.475198 0.052455 0.061508
2 0.342634 0.482143 0.060268 0.083333
2 0.391741 0.476190 0.044643 0.071429
2 0.523438 0.486111 0.073661 0.075397
2 0.438058 0.510913 0.103795 0.180556
2 0.575335 0.526786 0.121652 0.180556
2 0.765625 0.554563 0.165179 0.184524
2 0.900670 0.559524 0.198661 0.206349
2 0.236607 0.480159 0.053571 0.063492
2 0.296317 0.485119 0.045759 0.057540
2 0.061942 0.467262 0.059152 0.077381
2 0.945312 0.574405 0.109375 0.220238
