2 0.079241 0.772817 0.042411 0.037698
2 0.043527 0.868056 0.049107 0.045635
2 0.175781 0.756944 0.041295 0.033730
2 0.188058 0.846230 0.043527 0.041667
2 0.137277 0.887897 0.046875 0.041667
1 0.148438 0.950397 0.178571 0.099206
2 0.247210 0.920635 0.039062 0.039683
2 0.288504 0.888889 0.052455 0.043651
2 0.360491 0.777778 0.040179 0.039683
2 0.408482 0.830357 0.049107 0.041667
2 0.375000 0.867063 0.053571 0.043651
2 0.368862 0.941468 0.050223 0.045635
2 0.491629 0.942460 0.054688 0.043651
2 0.506138 0.909722 0.054688 0.045635
2 0.554688 0.666667 0.033482 0.039683
2 0.645089 0.956349 0.049107 0.043651
2 0.680804 0.909722 0.051339 0.037698
2 0.708147 0.883929 0.047991 0.037698
2 0.801897 0.959325 0.047991 0.041667
2 0.809152 0.927579 0.046875 0.041667
2 0.941406 0.890873 0.052455 0.043651
2 0.692522 0.846230 0.036830 0.041667
2 0.768973 0.823413 0.046875 0.039683
1 0.791853 0.752976 0.146205 0.061508
1 0.700335 0.713294 0.146205 0.057540
2 0.578125 0.645833 0.033482 0.033730
2 0.623884 0.649802 0.035714 0.033730
2 0.698661 0.650794 0.040179 0.035714
2 0.748326 0.654762 0.030134 0.031746
