4 0.804688 0.587302 0.060268 0.253968
0 0.806362 0.632937 0.050223 0.174603
4 0.752232 0.606151 0.064732 0.271825
4 0.678571 0.605159 0.055804 0.269841
4 0.513393 0.604167 0.078125 0.331349
4 0.367746 0.656746 0.079241 0.309524
4 0.358259 0.547619 0.060268 0.230159
4 0.293527 0.581349 0.049107 0.238095
4 0.306920 0.557540 0.042411 0.265873
4 0.285156 0.501984 0.030134 0.126984
4 0.227121 0.602183 0.077009 0.267857
4 0.222098 0.508929 0.033482 0.140873
4 0.198661 0.494048 0.020089 0.103175
4 0.248884 0.508929 0.026786 0.132937
2 0.388951 0.781746 0.773438 0.436508
1 0.840960 0.474206 0.318080 0.293651
3 0.594866 0.611111 0.122768 0.166667
3 0.507254 0.604167 0.119420 0.172619
