4 0.356027 0.597222 0.051339 0.238095
4 0.378906 0.586310 0.045759 0.184524
2 0.611607 0.608135 0.131696 0.200397
2 0.821429 0.602183 0.180804 0.248016
2 0.387835 0.539683 0.172991 0.146825
2 0.464844 0.544643 0.170759 0.136905
1 0.142857 0.471230 0.283482 0.505952
4 0.760045 0.507937 0.125000 0.444444
3 0.759487 0.633929 0.112723 0.363095
4 0.665737 0.526786 0.199777 0.851190
0 0.668527 0.736111 0.200893 0.527778
4 0.450893 0.513889 0.089286 0.408730
0 0.450893 0.609127 0.080357 0.261905
4 0.243862 0.538690 0.152902 0.708333
0 0.243862 0.710317 0.146205 0.480159
4 0.081473 0.470238 0.080357 0.571429
4 0.037946 0.429563 0.073661 0.748016
