2 0.838170 0.683532 0.022321 0.021825
2 0.781808 0.714286 0.027902 0.035714
2 0.763951 0.703373 0.023438 0.029762
2 0.729353 0.708333 0.027902 0.035714
2 0.704799 0.712302 0.023438 0.039683
2 0.680804 0.719246 0.029018 0.041667
2 0.662388 0.732143 0.034598 0.047619
2 0.655134 0.759921 0.044643 0.055556
2 0.576451 0.700397 0.030134 0.039683
2 0.503906 0.714286 0.039062 0.047619
2 0.431362 0.732143 0.041295 0.043651
2 0.398996 0.746032 0.043527 0.043651
2 0.386719 0.724206 0.045759 0.047619
2 0.285156 0.776786 0.061384 0.057540
2 0.253348 0.770833 0.064732 0.061508
2 0.228237 0.757937 0.072545 0.087302
2 0.271205 0.738095 0.042411 0.051587
2 0.147879 0.794643 0.088170 0.089286
2 0.122768 0.871032 0.133929 0.134921
2 0.228795 0.877976 0.156250 0.144841
2 0.336496 0.825397 0.090402 0.103175
2 0.399554 0.804563 0.078125 0.081349
2 0.510603 0.803571 0.083705 0.119048
2 0.545759 0.772817 0.049107 0.073413
2 0.577009 0.743056 0.044643 0.053571
2 0.617746 0.728175 0.034598 0.059524
2 0.029018 0.794643 0.055804 0.117063
1 0.804129 0.680556 0.041295 0.087302
2 0.832031 0.827381 0.070312 0.095238
4 0.862723 0.721230 0.013393 0.041667
