4 0.862723 0.717262 0.011161 0.037698
2 0.847098 0.686508 0.024554 0.027778
2 0.783482 0.705357 0.024554 0.033730
2 0.739955 0.700397 0.022321 0.031746
2 0.779576 0.698413 0.021205 0.027778
2 0.717634 0.711310 0.029018 0.041667
2 0.695871 0.723214 0.030134 0.045635
2 0.631696 0.728175 0.035714 0.047619
2 0.678013 0.686508 0.023438 0.027778
2 0.538504 0.707341 0.036830 0.041667
2 0.467634 0.723214 0.051339 0.049603
2 0.474330 0.788690 0.058036 0.061508
2 0.361607 0.745040 0.042411 0.045635
2 0.332589 0.763889 0.055804 0.051587
2 0.302455 0.750000 0.053571 0.055556
2 0.223772 0.817460 0.094866 0.091270
2 0.145089 0.866071 0.113839 0.128968
2 0.166853 0.761905 0.061384 0.063492
2 0.130580 0.792659 0.087054 0.073413
2 0.094866 0.770833 0.087054 0.081349
2 0.049107 0.814484 0.095982 0.105159
2 0.202009 0.879960 0.142857 0.156746
2 0.360491 0.823413 0.089286 0.103175
2 0.469308 0.832341 0.090402 0.101190
2 0.522879 0.775794 0.061384 0.071429
2 0.612723 0.768849 0.060268 0.093254
2 0.657366 0.713294 0.029018 0.049603
2 0.707031 0.738095 0.039062 0.047619
2 0.756696 0.790675 0.049107 0.069444
1 0.813616 0.678571 0.040179 0.079365
2 0.711496 0.686508 0.016741 0.019841
