4 0.119420 0.611111 0.020089 0.083333
0 0.119978 0.626984 0.021205 0.071429
1 0.140625 0.589286 0.046875 0.087302
2 0.223214 0.613095 0.035714 0.047619
2 0.273996 0.615079 0.039062 0.043651
2 0.380580 0.623016 0.080357 0.099206
2 0.626116 0.616071 0.066964 0.077381
4 0.167411 0.625992 0.069196 0.232143
3 0.169643 0.679563 0.062500 0.176587
2 0.351562 0.633929 0.109375 0.140873
2 0.455915 0.626984 0.090402 0.087302
2 0.561942 0.623016 0.110491 0.130952
2 0.848772 0.688492 0.302455 0.523810
2 0.671317 0.634921 0.121652 0.095238
