2 0.715402 0.615079 0.145089 0.194444
2 0.495536 0.609127 0.116071 0.170635
1 0.174107 0.469246 0.345982 0.505952
1 0.488839 0.455357 0.616071 0.394841
4 0.577009 0.524802 0.102679 0.367063
3 0.576451 0.616071 0.092634 0.275794
4 0.402344 0.554563 0.068080 0.259921
0 0.402902 0.618056 0.066964 0.196429
4 0.365513 0.522817 0.072545 0.335317
0 0.368862 0.611111 0.063616 0.242063
2 0.833147 0.543651 0.079241 0.115079
4 0.965960 0.611111 0.068080 0.603175
4 0.070871 0.469246 0.097098 0.561508
4 0.301339 0.544643 0.131696 0.644841
4 0.481585 0.592262 0.052455 0.251984
4 0.637835 0.515873 0.152902 0.690476
0 0.638393 0.700397 0.142857 0.500000
0 0.303013 0.667659 0.112723 0.406746
