2 0.853237 0.683532 0.018973 0.021825
2 0.811384 0.692460 0.020089 0.023810
2 0.821429 0.686508 0.017857 0.023810
4 0.862165 0.720238 0.012277 0.043651
2 0.722098 0.715278 0.024554 0.037698
2 0.702567 0.708333 0.027902 0.039683
2 0.734933 0.729167 0.036830 0.057540
2 0.667411 0.729167 0.035714 0.053571
2 0.614397 0.756944 0.047991 0.069444
2 0.568638 0.708333 0.034598 0.039683
2 0.498884 0.729167 0.040179 0.041667
2 0.405134 0.731151 0.051339 0.065476
2 0.530692 0.783730 0.059152 0.079365
2 0.637277 0.689484 0.022321 0.029762
2 0.622768 0.702381 0.026786 0.031746
1 0.782924 0.685516 0.045759 0.093254
2 0.391741 0.752976 0.044643 0.053571
2 0.438058 0.739087 0.052455 0.045635
2 0.452009 0.770833 0.055804 0.081349
2 0.433036 0.835317 0.091518 0.107143
2 0.351562 0.810516 0.073661 0.085317
2 0.304129 0.772817 0.068080 0.081349
2 0.212054 0.763889 0.064732 0.067460
2 0.131696 0.787698 0.102679 0.091270
2 0.037388 0.788690 0.072545 0.077381
2 0.133371 0.869048 0.139509 0.130952
