2 0.883929 0.574405 0.111607 0.128968
2 0.758929 0.612103 0.169643 0.232143
2 0.421875 0.530754 0.250000 0.172619
1 0.150670 0.463294 0.299107 0.509921
4 0.693080 0.515873 0.107143 0.404762
3 0.689732 0.623016 0.109375 0.321429
4 0.601562 0.522817 0.189732 0.815476
0 0.592076 0.717262 0.166295 0.565476
4 0.423549 0.511905 0.085938 0.357143
0 0.425781 0.610119 0.077009 0.251984
4 0.303571 0.528770 0.138393 0.668651
0 0.305804 0.683532 0.133929 0.434524
4 0.072545 0.468254 0.089286 0.563492
4 0.033482 0.428571 0.064732 0.750000
