4 0.920759 0.636905 0.026786 0.134921
4 0.877790 0.594246 0.016741 0.073413
4 0.902344 0.595238 0.014509 0.051587
4 0.413504 0.646825 0.041295 0.214286
4 0.347656 0.655754 0.039062 0.212302
4 0.337054 0.651786 0.040179 0.204365
4 0.247768 0.665675 0.046875 0.220238
4 0.024554 0.700397 0.046875 0.313492
0 0.300223 0.717262 0.075893 0.184524
3 0.133929 0.727183 0.118304 0.196429
0 0.174107 0.722222 0.116071 0.162698
0 0.187500 0.714286 0.125000 0.162698
0 0.054129 0.804563 0.106027 0.216270
4 0.654576 0.512897 0.690848 0.974206
