4 0.116146 0.386275 0.038542 0.207843
4 0.159896 0.381373 0.042708 0.217647
4 0.190104 0.396078 0.042708 0.231373
4 0.211979 0.395098 0.038542 0.201961
4 0.282292 0.394118 0.050000 0.227451
4 0.348438 0.400980 0.042708 0.229412
4 0.341146 0.380392 0.034375 0.223529
4 0.387500 0.409804 0.039583 0.239216
4 0.467708 0.427451 0.052083 0.270588
4 0.438542 0.391176 0.043750 0.225490
4 0.472917 0.387255 0.041667 0.221569
4 0.526563 0.400980 0.042708 0.249020
4 0.506250 0.392157 0.037500 0.219608
4 0.569271 0.403922 0.055208 0.235294
4 0.558333 0.376471 0.039583 0.215686
4 0.611979 0.423529 0.048958 0.270588
4 0.648958 0.397059 0.052083 0.225490
4 0.738542 0.402941 0.052083 0.233333
4 0.814583 0.482353 0.068750 0.325490
4 0.881771 0.497059 0.063542 0.323529
4 0.879167 0.460784 0.058333 0.329412
4 0.968229 0.472549 0.061458 0.325490
