4 0.538095 0.563620 0.269048 0.768817
4 0.283333 0.536738 0.221429 0.657706
4 0.171429 0.477599 0.150000 0.571685
4 0.301190 0.411290 0.138095 0.424731
4 0.366071 0.394265 0.079762 0.315412
4 0.606548 0.386201 0.122619 0.349462
4 0.782143 0.442652 0.161905 0.444444
4 0.953571 0.415771 0.045238 0.179211
3 0.769048 0.542115 0.116667 0.345878
3 0.529762 0.693548 0.257143 0.612903
3 0.278571 0.717742 0.176190 0.500000
0 0.163095 0.594982 0.123810 0.405018
2 0.905357 0.347670 0.082143 0.118280
2 0.163095 0.426523 0.219048 0.222222
2 0.398810 0.419355 0.169048 0.179211
