4 0.717500 0.895262 0.048333 0.179551
4 0.817500 0.786783 0.051667 0.137157
4 0.734167 0.716958 0.041667 0.137157
4 0.828333 0.699501 0.036667 0.122195
4 0.988333 0.607232 0.023333 0.122195
4 0.964167 0.562344 0.025000 0.097257
4 0.892500 0.538653 0.025000 0.094763
4 0.884167 0.589776 0.038333 0.102244
4 0.844167 0.597257 0.031667 0.102244
4 0.841667 0.649626 0.043333 0.097257
4 0.793333 0.664589 0.043333 0.107232
4 0.740000 0.582294 0.023333 0.102244
4 0.706667 0.591022 0.030000 0.099751
4 0.659167 0.771820 0.045000 0.142145
4 0.621667 0.809227 0.040000 0.157107
4 0.593333 0.778055 0.043333 0.139651
4 0.619167 0.669576 0.035000 0.122195
4 0.621667 0.637157 0.050000 0.122195
4 0.556667 0.635910 0.023333 0.114713
4 0.500833 0.635910 0.051667 0.109726
4 0.400000 0.634663 0.050000 0.102244
4 0.365000 0.567332 0.043333 0.087282
4 0.332500 0.620948 0.038333 0.104738
4 0.288333 0.632170 0.046667 0.087282
4 0.256667 0.642145 0.033333 0.102244
4 0.230833 0.620948 0.025000 0.089776
4 0.217500 0.638404 0.038333 0.109726
4 0.208333 0.618454 0.026667 0.094763
4 0.194167 0.522444 0.021667 0.087282
4 0.381667 0.512469 0.023333 0.077307
4 0.173333 0.640898 0.036667 0.104738
4 0.148333 0.632170 0.030000 0.112219
4 0.125000 0.613466 0.036667 0.084788
4 0.169167 0.728180 0.038333 0.124688
4 0.148333 0.744389 0.040000 0.127182
4 0.032500 0.659601 0.035000 0.117207
4 0.012500 0.625935 0.021667 0.109726
4 0.030000 0.961347 0.056667 0.077307
4 0.185000 0.951372 0.053333 0.097257
4 0.408333 0.784289 0.033333 0.122195
4 0.411667 0.889027 0.050000 0.162095
4 0.484167 0.912718 0.055000 0.174564
4 0.487500 0.891521 0.048333 0.177057
2 0.178333 0.458853 0.096667 0.049875
2 0.192500 0.405237 0.078333 0.042394
2 0.295000 0.450125 0.090000 0.047382
2 0.395833 0.443890 0.088333 0.054863
2 0.518333 0.438903 0.086667 0.049875
2 0.488333 0.423940 0.086667 0.044888
2 0.530833 0.417706 0.075000 0.047382
1 0.566667 0.389027 0.100000 0.089776
2 0.700000 0.432668 0.083333 0.052369
2 0.664167 0.426434 0.071667 0.049875
2 0.705000 0.406484 0.053333 0.059850
2 0.773333 0.401496 0.046667 0.039900
2 0.830833 0.435162 0.061667 0.052369
2 0.813333 0.415212 0.063333 0.047382
2 0.875000 0.418953 0.060000 0.044888
2 0.926667 0.425187 0.086667 0.042394
2 0.966667 0.561097 0.066667 0.089776
4 0.950000 0.546135 0.020000 0.104738
