1 0.606796 0.566524 0.074434 0.111588
1 0.656958 0.667382 0.097087 0.141631
2 0.658576 0.836910 0.093851 0.120172
2 0.660194 0.811159 0.084142 0.111588
2 0.661812 0.776824 0.074434 0.111588
1 0.533981 0.710300 0.110032 0.141631
1 0.535599 0.650215 0.106796 0.158798
2 0.555016 0.903433 0.100324 0.090129
2 0.555016 0.845494 0.093851 0.111588
2 0.542071 0.787554 0.087379 0.098712
2 0.420712 0.684549 0.064725 0.081545
2 0.389968 0.738197 0.067961 0.077253
2 0.391586 0.819742 0.071197 0.094421
2 0.373786 0.851931 0.087379 0.124464
2 0.092233 0.961373 0.152104 0.077253
1 0.300971 0.907725 0.181230 0.184549
2 0.603560 0.974249 0.119741 0.051502
1 0.758900 0.899142 0.177994 0.201717
2 0.402913 0.577253 0.029126 0.047210
2 0.553398 0.952790 0.097087 0.068670
4 0.930421 0.912017 0.042071 0.098712
4 0.200647 0.854077 0.025890 0.068670
3 0.200647 0.881974 0.025890 0.072961
4 0.174757 0.875536 0.025890 0.068670
3 0.174757 0.905579 0.025890 0.068670
4 0.038835 0.875536 0.025890 0.068670
3 0.038835 0.914163 0.025890 0.068670
