4 0.215957 0.839181 0.038298 0.220273
4 0.268085 0.862573 0.055319 0.192982
4 0.364894 0.873294 0.055319 0.218324
4 0.419681 0.888889 0.045745 0.198830
4 0.445213 0.899610 0.028723 0.185185
4 0.469149 0.894737 0.063830 0.210526
4 0.372340 0.882066 0.053191 0.181287
2 0.335106 0.882066 0.055319 0.064327
2 0.571809 0.931774 0.056383 0.066277
2 0.531915 0.931774 0.036170 0.035088
2 0.510106 0.931774 0.026596 0.031189
2 0.248404 0.864522 0.032979 0.040936
2 0.159043 0.844055 0.022340 0.035088
2 0.127660 0.837232 0.023404 0.040936
2 0.080851 0.825536 0.019149 0.025341
2 0.016489 0.812865 0.015957 0.027290
2 0.763830 0.973684 0.093617 0.048733
2 0.642553 0.964912 0.038298 0.035088
