4 0.705392 0.381764 0.026958 0.098196
4 0.827985 0.400802 0.028241 0.132265
2 0.844673 0.377756 0.066752 0.090180
4 0.807445 0.401804 0.030809 0.134269
4 0.775353 0.412826 0.043646 0.156313
4 0.731707 0.418838 0.051348 0.168337
4 0.662388 0.427856 0.059050 0.210421
4 0.574454 0.453908 0.080873 0.266533
4 0.483312 0.407816 0.050064 0.158317
4 0.440308 0.478958 0.094994 0.328657
4 0.327343 0.409820 0.066752 0.202405
4 0.182285 0.501002 0.166881 0.484970
4 0.064185 0.443888 0.087291 0.266533
2 0.603338 0.403808 0.182285 0.186373
