4 0.665816 0.744288 0.115306 0.437610
4 0.833163 0.720562 0.098980 0.386643
4 0.889796 0.658172 0.048980 0.289982
4 0.607653 0.681898 0.094898 0.376098
4 0.224490 0.689807 0.085714 0.370826
4 0.121939 0.726714 0.066327 0.420035
4 0.553061 0.633568 0.048980 0.216169
4 0.747449 0.604569 0.037755 0.182777
4 0.700510 0.630931 0.056122 0.224956
4 0.797959 0.601933 0.063265 0.163445
4 0.822449 0.589631 0.036735 0.166960
4 0.481633 0.595782 0.036735 0.154657
4 0.329082 0.593146 0.025510 0.166960
4 0.344388 0.590510 0.025510 0.147627
4 0.304592 0.565026 0.027551 0.093146
4 0.277551 0.560633 0.022449 0.087873
4 0.358163 0.564148 0.022449 0.101933
4 0.180612 0.560633 0.016327 0.091388
4 0.208673 0.572056 0.019388 0.082601
4 0.068878 0.579965 0.019388 0.126538
4 0.044898 0.571178 0.020408 0.098418
4 0.006633 0.568541 0.011224 0.117750
4 0.087245 0.577329 0.023469 0.107206
4 0.109184 0.570299 0.016327 0.096661
4 0.148980 0.573814 0.018367 0.103691
4 0.454082 0.574692 0.026531 0.105448
4 0.504082 0.572935 0.018367 0.101933
4 0.517347 0.571178 0.020408 0.094903
4 0.419898 0.549209 0.015306 0.061511
4 0.977551 0.600176 0.044898 0.110721
4 0.767347 0.592267 0.028571 0.144112
