4 0.462105 0.559738 0.050526 0.327332
2 0.668947 0.515548 0.213684 0.288052
2 0.360000 0.521277 0.117895 0.148936
2 0.141053 0.558920 0.151579 0.191489
2 0.024737 0.546645 0.047368 0.232406
2 0.169474 0.481178 0.050526 0.078560
2 0.233158 0.474632 0.043158 0.055646
2 0.335263 0.512275 0.087368 0.114566
2 0.431053 0.477087 0.057895 0.090016
2 0.490000 0.476268 0.047368 0.072013
2 0.548947 0.485270 0.076842 0.093290
2 0.317368 0.481997 0.070526 0.129296
2 0.728947 0.518003 0.110526 0.155483
2 0.948421 0.472995 0.067368 0.075286
4 0.991579 0.457447 0.016842 0.080196
