2 0.014286 0.606349 0.025000 0.044444
2 0.045536 0.609524 0.048214 0.057143
4 0.146429 0.611111 0.014286 0.053968
2 0.321429 0.622222 0.050000 0.050794
2 0.235714 0.620635 0.089286 0.073016
2 0.506250 0.636508 0.076786 0.117460
2 0.639286 0.639683 0.050000 0.053968
2 0.664286 0.631746 0.035714 0.050794
2 0.707143 0.634921 0.046429 0.050794
2 0.722321 0.633333 0.037500 0.053968
2 0.781250 0.634921 0.019643 0.038095
2 0.979464 0.653968 0.023214 0.050794
2 0.991071 0.642857 0.017857 0.041270
2 0.950000 0.671429 0.046429 0.066667
2 0.268750 0.625397 0.091071 0.082540
2 0.437500 0.636508 0.117857 0.123810
2 0.526786 0.819048 0.396429 0.361905
