4 0.607143 0.755914 0.231429 0.488172
4 0.378571 0.761290 0.214286 0.477419
4 0.108571 0.770968 0.194286 0.458065
4 0.807143 0.805376 0.037143 0.161290
4 0.831429 0.805376 0.034286 0.152688
4 0.859286 0.808602 0.047143 0.159140
4 0.890000 0.797849 0.040000 0.184946
4 0.817143 0.789247 0.031429 0.176344
4 0.957857 0.788172 0.018571 0.079570
4 0.934286 0.784946 0.020000 0.086022
4 0.755714 0.774194 0.017143 0.073118
4 0.730000 0.779570 0.017143 0.066667
4 0.709286 0.776344 0.018571 0.073118
2 0.231429 0.786022 0.051429 0.062366
2 0.193571 0.782796 0.038571 0.047312
2 0.255714 0.774194 0.034286 0.043011
1 0.186429 0.760215 0.044286 0.062366
2 0.282857 0.774194 0.025714 0.038710
