4 0.811096 0.914742 0.082865 0.170515
4 0.800562 0.898757 0.061798 0.202487
0 0.803371 0.943162 0.070225 0.113677
4 0.752809 0.793073 0.028090 0.108348
4 0.742275 0.768206 0.023876 0.076377
4 0.622191 0.782416 0.030899 0.101243
0 0.624298 0.802842 0.032303 0.078153
4 0.597612 0.773535 0.026685 0.090586
0 0.596910 0.797513 0.025281 0.067496
4 0.584972 0.764654 0.026685 0.072824
0 0.582163 0.783304 0.021067 0.056838
4 0.524579 0.775311 0.026685 0.094139
0 0.526685 0.793961 0.030899 0.071048
4 0.483146 0.737123 0.019663 0.056838
0 0.485253 0.753108 0.021067 0.042629
4 0.426966 0.738011 0.016854 0.058615
0 0.426264 0.750444 0.018258 0.047957
4 0.095506 0.810835 0.036517 0.111901
0 0.073034 0.832149 0.056180 0.079929
