4 0.150758 0.752847 0.101515 0.334852
4 0.278030 0.759681 0.122727 0.325740
4 0.423485 0.769932 0.089394 0.236902
4 0.452273 0.768793 0.122727 0.321185
4 0.658333 0.771071 0.080303 0.321185
4 0.834848 0.779043 0.115152 0.337130
4 0.930303 0.763098 0.087879 0.314351
0 0.929545 0.830296 0.080303 0.216401
3 0.834091 0.815490 0.104545 0.259681
0 0.662879 0.826879 0.080303 0.214123
3 0.462121 0.813212 0.109091 0.236902
3 0.290909 0.814351 0.106061 0.230068
3 0.140152 0.801822 0.128788 0.246014
1 0.812879 0.760820 0.131818 0.164009
