4 0.987500 0.729365 0.025000 0.122222
4 0.848214 0.743651 0.058333 0.153968
4 0.554762 0.733333 0.050000 0.171429
4 0.616667 0.696825 0.028571 0.088889
4 0.639286 0.698413 0.023810 0.085714
4 0.577976 0.672222 0.017857 0.049206
1 0.616071 0.669048 0.091667 0.033333
4 0.433929 0.683333 0.025000 0.080952
4 0.448810 0.676190 0.016667 0.073016
4 0.412500 0.662698 0.013095 0.052381
4 0.398214 0.679365 0.025000 0.085714
4 0.375000 0.680952 0.023810 0.076190
4 0.358929 0.660317 0.010714 0.041270
4 0.321429 0.658730 0.009524 0.031746
4 0.294048 0.654762 0.011905 0.033333
4 0.217857 0.646825 0.009524 0.033333
4 0.195833 0.646032 0.008333 0.031746
4 0.123214 0.638095 0.008333 0.031746
4 0.129167 0.643651 0.008333 0.033333
