4 0.950370 0.785326 0.037037 0.168478
0 0.948889 0.826087 0.034074 0.125000
4 0.891111 0.786685 0.028148 0.160326
4 0.859259 0.785326 0.032593 0.163043
4 0.846667 0.778533 0.028148 0.171196
4 0.815556 0.782609 0.025185 0.157609
4 0.782963 0.774457 0.028148 0.168478
4 0.745926 0.774457 0.013333 0.103261
4 0.734074 0.764946 0.016296 0.105978
4 0.716296 0.764946 0.016296 0.084239
4 0.764444 0.763587 0.017778 0.086957
4 0.694815 0.758152 0.011852 0.065217
2 0.650370 0.778533 0.080000 0.116848
2 0.597037 0.763587 0.050370 0.081522
2 0.581481 0.762228 0.037037 0.067935
2 0.554815 0.752717 0.034074 0.065217
2 0.540000 0.751359 0.025185 0.051630
2 0.506667 0.752717 0.026667 0.048913
4 0.397037 0.771739 0.017778 0.092391
4 0.352593 0.762228 0.014815 0.067935
4 0.417037 0.756793 0.010370 0.057065
4 0.424444 0.758152 0.010370 0.054348
4 0.059259 0.788043 0.023704 0.092391
4 0.047407 0.782609 0.017778 0.092391
2 0.434815 0.709239 0.042963 0.043478
2 0.478519 0.726902 0.026667 0.040761
2 0.470370 0.694293 0.019259 0.035326
2 0.505926 0.702446 0.022222 0.046196
2 0.549630 0.711957 0.020741 0.038043
2 0.565926 0.714674 0.020741 0.038043
2 0.537778 0.645380 0.020741 0.029891
2 0.500741 0.618207 0.017778 0.029891
2 0.668148 0.664402 0.026667 0.029891
2 0.780000 0.687500 0.034074 0.038043
