2 0.810321 0.973904 0.164575 0.052192
2 0.960251 0.906054 0.079498 0.175365
2 0.945607 0.818372 0.108787 0.146138
2 0.921199 0.767223 0.099024 0.127349
2 0.801953 0.861169 0.111576 0.206681
2 0.776151 0.781837 0.115760 0.169102
2 0.915621 0.724426 0.099024 0.116910
2 0.748257 0.731733 0.093445 0.131524
2 0.903068 0.681628 0.093445 0.106472
2 0.740586 0.678497 0.092050 0.116910
2 0.854951 0.646138 0.080893 0.102296
2 0.973501 0.645094 0.052999 0.096033
2 0.718968 0.647182 0.076709 0.104384
2 0.709205 0.628392 0.068340 0.104384
2 0.795676 0.614823 0.076709 0.089770
1 0.905160 0.542797 0.145049 0.254697
2 0.768480 0.588727 0.072524 0.075157
2 0.811715 0.565762 0.055788 0.066806
2 0.780335 0.549061 0.040446 0.054280
2 0.741980 0.566806 0.050209 0.056367
2 0.675035 0.597077 0.061367 0.083507
2 0.707113 0.554280 0.055788 0.068894
2 0.672245 0.555324 0.039052 0.050104
2 0.633194 0.573069 0.052999 0.068894
1 0.743375 0.508351 0.083682 0.127349
2 0.596932 0.556367 0.039052 0.052192
2 0.631799 0.546973 0.041841 0.050104
1 0.623431 0.470772 0.036262 0.068894
2 0.596234 0.506263 0.026499 0.039666
2 0.548815 0.506263 0.034868 0.043841
2 0.538354 0.486430 0.033473 0.045929
2 0.561367 0.454071 0.026499 0.048017
2 0.506974 0.945720 0.146444 0.108559
2 0.553696 0.790188 0.108787 0.144050
2 0.566946 0.701461 0.090656 0.133612
2 0.542538 0.626305 0.075314 0.091858
2 0.531381 0.603340 0.066946 0.083507
2 0.516039 0.564718 0.066946 0.093946
2 0.487448 0.567850 0.037657 0.062630
1 0.419805 0.532359 0.069735 0.104384
2 0.400279 0.570981 0.041841 0.064718
2 0.426081 0.568894 0.062762 0.060543
2 0.298466 0.930063 0.142259 0.139875
2 0.361227 0.820459 0.108787 0.141962
2 0.410739 0.704593 0.110181 0.148225
2 0.432357 0.643006 0.075314 0.104384
2 0.424686 0.603340 0.065551 0.079332
2 0.052999 0.956159 0.103208 0.087683
2 0.145746 0.861169 0.118550 0.152401
2 0.239191 0.730689 0.107392 0.146138
2 0.317992 0.624217 0.078103 0.096033
2 0.328452 0.592902 0.062762 0.079332
2 0.329149 0.568894 0.061367 0.068894
2 0.357741 0.548017 0.043236 0.060543
2 0.132497 0.586639 0.055788 0.075157
2 0.119944 0.561587 0.047420 0.066806
2 0.226639 0.520877 0.046025 0.056367
2 0.210600 0.478079 0.036262 0.050104
4 0.029289 0.564718 0.019526 0.056367
0 0.030683 0.577244 0.016736 0.043841
2 0.037657 0.384134 0.055788 0.045929
1 0.033473 0.354906 0.064156 0.066806
2 0.128312 0.378914 0.066946 0.048017
2 0.172245 0.381002 0.059972 0.039666
2 0.238494 0.377871 0.061367 0.045929
2 0.290098 0.369520 0.080893 0.045929
1 0.481869 0.344468 0.299861 0.104384
2 0.647838 0.338205 0.057183 0.054280
2 0.357741 0.491649 0.037657 0.043841
2 0.466527 0.507307 0.040446 0.054280
2 0.899582 0.359081 0.086471 0.050104
