2 0.760833 0.961194 0.045000 0.059701
2 0.745000 0.943284 0.036667 0.053731
1 0.715833 0.897015 0.045000 0.116418
1 0.703333 0.844776 0.046667 0.101493
2 0.566667 0.980597 0.053333 0.038806
2 0.628333 0.931343 0.040000 0.053731
2 0.670000 0.897015 0.036667 0.056716
2 0.629167 0.907463 0.038333 0.047761
1 0.564167 0.888060 0.038333 0.092537
2 0.606667 0.880597 0.033333 0.047761
2 0.657500 0.888060 0.035000 0.050746
2 0.606667 0.843284 0.033333 0.050746
2 0.200833 0.979104 0.055000 0.041791
2 0.140833 0.946269 0.045000 0.059701
2 0.186667 0.953731 0.040000 0.062687
2 0.229167 0.964179 0.045000 0.053731
1 0.302500 0.920896 0.068333 0.128358
2 0.264167 0.879104 0.031667 0.050746
1 0.341667 0.889552 0.063333 0.107463
1 0.413333 0.847761 0.060000 0.101493
1 0.430000 0.826866 0.050000 0.101493
2 0.325000 0.780597 0.026667 0.044776
2 0.305833 0.735821 0.018333 0.032836
4 0.485833 0.929851 0.018333 0.086567
