2 0.931373 0.929919 0.137255 0.140162
2 0.834087 0.927224 0.096531 0.145553
2 0.739065 0.923181 0.144796 0.153639
1 0.817496 0.904313 0.205128 0.185984
2 0.934389 0.886792 0.116139 0.161725
1 0.723982 0.880054 0.108597 0.191375
2 0.653846 0.931267 0.067873 0.121294
2 0.574661 0.917790 0.135747 0.164420
2 0.502262 0.915094 0.093514 0.164420
2 0.400452 0.921833 0.146305 0.156334
2 0.378582 0.909704 0.114630 0.180593
2 0.291855 0.939353 0.085973 0.121294
2 0.213424 0.955526 0.076923 0.088949
2 0.162896 0.898922 0.102564 0.202156
2 0.058824 0.917790 0.114630 0.164420
