2 0.939453 0.745443 0.064453 0.037760
2 0.956055 0.728516 0.060547 0.037760
2 0.822266 0.717448 0.054688 0.031250
2 0.691895 0.697266 0.055664 0.029948
2 0.590820 0.718099 0.048828 0.035156
2 0.582031 0.768880 0.042969 0.042969
2 0.548340 0.811849 0.053711 0.066406
2 0.509277 0.877604 0.049805 0.059896
2 0.423340 0.884115 0.041992 0.065104
2 0.588867 0.949870 0.066406 0.048177
2 0.475586 0.793620 0.046875 0.048177
2 0.327148 0.834635 0.058594 0.049479
2 0.374512 0.798177 0.051758 0.044271
2 0.356445 0.755859 0.046875 0.037760
2 0.415527 0.763672 0.040039 0.037760
2 0.462402 0.724609 0.043945 0.035156
2 0.496582 0.696615 0.036133 0.031250
2 0.290039 0.635417 0.037109 0.020833
4 0.233398 0.609375 0.005859 0.018229
3 0.233398 0.613932 0.013672 0.011719
2 0.053711 0.735677 0.037109 0.023438
2 0.127930 0.736979 0.041016 0.026042
2 0.185059 0.731120 0.036133 0.024740
2 0.140137 0.967448 0.075195 0.059896
2 0.390625 0.334635 0.007812 0.005208
2 0.375977 0.337240 0.007812 0.005208
2 0.350098 0.341146 0.008789 0.005208
1 0.310059 0.345703 0.020508 0.011719
2 0.199219 0.365885 0.011719 0.007812
2 0.225586 0.362630 0.009766 0.006510
