2 0.588816 0.275194 0.042763 0.049096
2 0.618421 0.254522 0.032895 0.038760
2 0.656250 0.246770 0.036184 0.038760
2 0.667763 0.276486 0.042763 0.046512
2 0.531250 0.298450 0.039474 0.043928
2 0.537829 0.337209 0.049342 0.054264
2 0.546875 0.382429 0.050987 0.067183
2 0.700658 0.342377 0.046053 0.069767
2 0.547697 0.430233 0.055921 0.064599
2 0.708882 0.404393 0.052632 0.069767
2 0.721217 0.448320 0.050987 0.069767
2 0.736020 0.480620 0.057566 0.072351
2 0.759046 0.529716 0.057566 0.098191
2 0.664474 0.511628 0.062500 0.072351
2 0.555921 0.471576 0.055921 0.080103
2 0.431743 0.383721 0.050987 0.069767
2 0.427632 0.449612 0.055921 0.103359
2 0.412007 0.506460 0.064145 0.077519
2 0.412829 0.540052 0.065789 0.067183
2 0.423520 0.578811 0.074013 0.087855
2 0.394737 0.624031 0.078947 0.105943
2 0.402138 0.708010 0.097039 0.108527
2 0.388158 0.755814 0.118421 0.142119
1 0.347039 0.344961 0.069079 0.126615
2 0.282072 0.328165 0.044408 0.056848
2 0.275493 0.363049 0.047697 0.059432
2 0.258224 0.385013 0.049342 0.062016
2 0.245888 0.417313 0.060855 0.085271
2 0.246711 0.467700 0.055921 0.062016
2 0.233553 0.497416 0.065789 0.085271
2 0.212171 0.529716 0.069079 0.082687
2 0.194901 0.568475 0.067434 0.087855
2 0.179276 0.599483 0.075658 0.098191
2 0.120066 0.653747 0.085526 0.093023
2 0.126645 0.692506 0.088816 0.113695
2 0.075658 0.750646 0.098684 0.136951
2 0.314145 0.538760 0.059211 0.085271
2 0.296053 0.574935 0.065789 0.085271
2 0.282895 0.617571 0.075658 0.103359
2 0.266447 0.651163 0.075658 0.098191
2 0.259868 0.732558 0.092105 0.121447
2 0.230263 0.762274 0.095395 0.134367
2 0.185855 0.785530 0.105263 0.180879
2 0.180099 0.899225 0.123355 0.170543
2 0.118421 0.925065 0.161184 0.149871
2 0.662007 0.550388 0.067434 0.087855
2 0.374178 0.825581 0.116776 0.152455
2 0.333882 0.937984 0.154605 0.124031
1 0.333882 0.423773 0.092105 0.129199
1 0.627467 0.354005 0.067434 0.124031
2 0.642270 0.440568 0.057566 0.069767
2 0.562500 0.538760 0.075658 0.105943
2 0.589638 0.611111 0.077303 0.121447
2 0.578125 0.678295 0.090461 0.111111
2 0.688322 0.652455 0.080592 0.121447
2 0.726151 0.569767 0.070724 0.105943
2 0.714638 0.722222 0.090461 0.131783
2 0.618421 0.807494 0.118421 0.183463
2 0.629934 0.916021 0.141447 0.167959
2 0.824836 0.624031 0.083882 0.131783
2 0.851151 0.666667 0.090461 0.129199
2 0.900493 0.715762 0.100329 0.139535
2 0.952303 0.806202 0.095395 0.165375
2 0.814967 0.870801 0.129934 0.170543
2 0.856086 0.937984 0.149671 0.124031
