2 0.632143 0.184416 0.030952 0.057143
2 0.617857 0.237662 0.035714 0.064935
2 0.600000 0.288312 0.035714 0.067532
1 0.657738 0.303896 0.060714 0.124675
2 0.585714 0.323377 0.040476 0.080519
2 0.633929 0.354545 0.044048 0.080519
2 0.556548 0.363636 0.036905 0.062338
2 0.614286 0.379221 0.054762 0.103896
2 0.692262 0.411688 0.051190 0.080519
2 0.621429 0.433766 0.050000 0.098701
2 0.652976 0.448052 0.051190 0.085714
2 0.611310 0.497403 0.079762 0.132468
2 0.669048 0.520779 0.078571 0.148052
2 0.718452 0.545455 0.094048 0.181818
2 0.719643 0.480519 0.067857 0.135065
2 0.784524 0.492208 0.076190 0.153247
2 0.550000 0.232468 0.033333 0.070130
2 0.526786 0.267532 0.036905 0.077922
2 0.522619 0.311688 0.038095 0.067532
2 0.477976 0.361039 0.034524 0.072727
2 0.463095 0.377922 0.038095 0.070130
2 0.510714 0.385714 0.057143 0.101299
2 0.494048 0.415584 0.050000 0.083117
2 0.518452 0.427273 0.046429 0.090909
2 0.448214 0.455844 0.060714 0.090909
2 0.502381 0.481818 0.061905 0.101299
2 0.544643 0.492208 0.067857 0.111688
2 0.872024 0.493506 0.089286 0.140260
2 0.901190 0.570130 0.080952 0.148052
2 0.968452 0.519481 0.063095 0.140260
2 0.316667 0.211688 0.033333 0.064935
2 0.304167 0.293506 0.048810 0.077922
2 0.295238 0.340260 0.045238 0.077922
2 0.243452 0.319481 0.044048 0.093506
2 0.249405 0.366234 0.044048 0.083117
1 0.420833 0.405195 0.084524 0.176623
1 0.129167 0.314286 0.070238 0.197403
2 0.205357 0.388312 0.044048 0.101299
2 0.184524 0.464935 0.076190 0.145455
2 0.156548 0.425974 0.063095 0.124675
2 0.163095 0.401299 0.054762 0.111688
2 0.071429 0.384416 0.054762 0.103896
2 0.058333 0.477922 0.069048 0.098701
2 0.031548 0.553247 0.060714 0.155844
4 0.060119 0.585714 0.036905 0.137662
3 0.059524 0.629870 0.035714 0.111688
2 0.257738 0.522078 0.077381 0.145455
2 0.208333 0.564935 0.083333 0.127273
2 0.221429 0.603896 0.088095 0.132468
2 0.855357 0.607792 0.105952 0.155844
2 0.925595 0.846753 0.148810 0.301299
2 0.779167 0.796104 0.136905 0.225974
2 0.655357 0.742857 0.117857 0.197403
2 0.579167 0.824675 0.141667 0.231169
2 0.463690 0.744156 0.132143 0.246753
2 0.338095 0.849351 0.152381 0.228571
2 0.202381 0.738961 0.114286 0.200000
2 0.115476 0.649351 0.097619 0.192208
