2 0.462025 0.491632 0.034358 0.054393
2 0.403255 0.485356 0.032550 0.058577
2 0.356239 0.453975 0.032550 0.062762
2 0.213382 0.669456 0.050633 0.083682
2 0.212477 0.608787 0.048825 0.071130
2 0.226040 0.483264 0.039783 0.062762
2 0.159132 0.776151 0.054250 0.104603
2 0.143761 0.671548 0.045208 0.087866
2 0.070524 0.652720 0.047016 0.083682
2 0.047920 0.705021 0.052441 0.087866
2 0.092224 0.753138 0.057866 0.092050
2 0.017179 0.650628 0.030741 0.087866
2 0.069620 0.803347 0.066908 0.125523
2 0.050633 0.920502 0.094033 0.158996
2 0.102170 0.554393 0.041591 0.079498
2 0.336347 0.790795 0.061483 0.125523
2 0.351718 0.828452 0.070524 0.117155
2 0.358951 0.874477 0.077758 0.158996
2 0.367089 0.951883 0.068716 0.096234
2 0.384268 0.972803 0.074141 0.054393
2 0.440325 0.792887 0.081374 0.146444
2 0.464738 0.849372 0.072333 0.142259
2 0.481013 0.893305 0.072333 0.138075
2 0.506329 0.951883 0.094033 0.096234
2 0.525316 0.784519 0.056058 0.121339
2 0.536166 0.801255 0.052441 0.112971
2 0.566004 0.807531 0.061483 0.142259
2 0.592224 0.887029 0.074141 0.133891
2 0.608499 0.922594 0.074141 0.146444
2 0.648282 0.956067 0.084991 0.087866
2 0.641953 0.778243 0.072333 0.125523
2 0.665461 0.824268 0.072333 0.133891
2 0.684448 0.864017 0.070524 0.138075
2 0.708861 0.880753 0.075949 0.138075
2 0.757685 0.924686 0.094033 0.150628
2 0.936709 0.845188 0.075949 0.158996
1 0.773960 0.751046 0.177215 0.313808
1 0.086799 0.416318 0.032550 0.104603
2 0.124774 0.476987 0.039783 0.058577
2 0.046112 0.529289 0.037975 0.071130
4 0.883363 0.746862 0.016275 0.121339
4 0.915009 0.755230 0.021700 0.121339
4 0.932188 0.725941 0.023508 0.121339
4 0.890597 0.629707 0.023508 0.104603
4 0.735986 0.594142 0.014467 0.092050
4 0.767631 0.608787 0.019892 0.104603
4 0.808318 0.606695 0.014467 0.108787
