2 0.500000 0.859102 0.312500 0.266833
2 0.061298 0.588529 0.117788 0.209476
1 0.463942 0.288030 0.230769 0.421446
4 0.959135 0.586035 0.072115 0.164589
4 0.838942 0.502494 0.072115 0.157107
4 0.687500 0.396509 0.057692 0.129676
4 0.728365 0.281796 0.048077 0.099751
4 0.945913 0.441397 0.079327 0.139651
3 0.948317 0.467581 0.103365 0.102244
3 0.961538 0.614713 0.072115 0.152120
3 0.844952 0.526185 0.098558 0.119701
3 0.739183 0.360349 0.084135 0.072319
2 0.889423 0.366584 0.221154 0.159601
4 0.263221 0.266833 0.055288 0.084788
3 0.263221 0.279302 0.064904 0.069825
4 0.135817 0.321696 0.055288 0.109726
3 0.131010 0.345387 0.064904 0.082294
4 0.611779 0.183292 0.040865 0.067332
4 0.635817 0.159601 0.031250 0.064838
2 0.745192 0.143392 0.072115 0.067332
2 0.699519 0.118454 0.072115 0.057357
2 0.739183 0.092269 0.050481 0.049875
2 0.557692 0.072319 0.062500 0.049875
2 0.622596 0.064838 0.052885 0.044888
2 0.632212 0.037406 0.048077 0.039900
2 0.039663 0.120948 0.074519 0.052369
2 0.048077 0.102244 0.086538 0.044888
2 0.191106 0.096010 0.064904 0.052369
2 0.258413 0.079800 0.055288 0.039900
3 0.695913 0.422693 0.069712 0.112219
4 0.741587 0.346633 0.055288 0.114713
