1 0.607860 0.591479 0.081940 0.140351
1 0.314381 0.592732 0.086957 0.162907
1 0.967391 0.585213 0.065217 0.157895
1 0.098662 0.581454 0.193980 0.235589
1 0.070234 0.591479 0.137124 0.245614
1 0.042642 0.591479 0.081940 0.245614
1 0.256689 0.577694 0.098662 0.208020
4 0.041806 0.666667 0.040134 0.185464
4 0.071906 0.664160 0.043478 0.185464
2 0.159699 0.674185 0.135452 0.165414
4 0.384615 0.647870 0.050167 0.152882
3 0.383779 0.681704 0.051839 0.120301
4 0.461538 0.682957 0.080268 0.288221
0 0.454849 0.759398 0.240803 0.210526
1 0.869565 0.580201 0.260870 0.177945
