4 0.232500 0.638596 0.050000 0.140351
0 0.237500 0.677193 0.050000 0.105263
2 0.685000 0.614035 0.065000 0.056140
2 0.733750 0.614035 0.057500 0.056140
2 0.778750 0.615789 0.092500 0.066667
2 0.847500 0.619298 0.090000 0.066667
2 0.893750 0.608772 0.092500 0.059649
2 0.940000 0.605263 0.060000 0.045614
2 0.970000 0.614035 0.060000 0.063158
1 0.353750 0.582456 0.117500 0.119298
1 0.431250 0.592982 0.087500 0.112281
1 0.576250 0.578947 0.237500 0.175439
2 0.168750 0.624561 0.072500 0.063158
2 0.053750 0.629825 0.102500 0.073684
4 0.285000 0.733333 0.120000 0.301754
3 0.280000 0.833333 0.160000 0.291228
4 0.585000 0.701754 0.125000 0.392982
0 0.587500 0.814035 0.125000 0.308772
