2 0.461111 0.363787 0.037037 0.049834
2 0.442593 0.338870 0.033333 0.053156
2 0.503704 0.333887 0.040741 0.049834
2 0.524074 0.365449 0.037037 0.053156
2 0.548148 0.430233 0.055556 0.069767
2 0.625926 0.554817 0.066667 0.079734
2 0.800000 0.609635 0.040741 0.069767
2 0.838889 0.583056 0.040741 0.063123
2 0.858333 0.887043 0.064815 0.112957
2 0.859259 0.740864 0.048148 0.093023
1 0.105556 0.923588 0.085185 0.146179
1 0.262963 0.953488 0.092593 0.093023
2 0.500000 0.470100 0.059259 0.083056
2 0.580556 0.518272 0.061111 0.079734
2 0.643519 0.593023 0.075926 0.102990
2 0.521296 0.568106 0.068519 0.099668
2 0.597222 0.651163 0.079630 0.119601
2 0.676852 0.739203 0.098148 0.149502
2 0.542593 0.727575 0.074074 0.126246
2 0.496296 0.779070 0.088889 0.189369
