2 0.556250 0.730556 0.075000 0.088889
2 0.578125 0.745833 0.089583 0.130556
2 0.593750 0.736111 0.095833 0.150000
2 0.639583 0.769444 0.133333 0.166667
2 0.733333 0.790278 0.170833 0.236111
2 0.866667 0.744444 0.112500 0.161111
2 0.911458 0.794444 0.139583 0.177778
2 0.413542 0.730556 0.068750 0.088889
2 0.388542 0.741667 0.102083 0.138889
2 0.315625 0.719444 0.072917 0.100000
2 0.227083 0.741667 0.116667 0.127778
2 0.102083 0.769444 0.166667 0.222222
2 0.794792 0.850000 0.243750 0.272222
2 0.279167 0.827778 0.212500 0.244444
