4 0.943902 0.896414 0.024390 0.083665
4 0.968293 0.898406 0.021138 0.079681
4 0.859350 0.728088 0.014634 0.037849
4 0.883740 0.749004 0.014634 0.051793
4 0.826016 0.758964 0.016260 0.043825
2 0.743089 0.912351 0.078049 0.075697
2 0.758537 0.834661 0.060163 0.063745
2 0.752033 0.779880 0.047154 0.057769
2 0.753659 0.738048 0.040650 0.041833
2 0.764228 0.716135 0.035772 0.033865
2 0.759350 0.697211 0.032520 0.031873
2 0.759350 0.652390 0.022764 0.029880
2 0.743089 0.639442 0.019512 0.027888
2 0.729268 0.674303 0.024390 0.025896
2 0.717073 0.714143 0.042276 0.061753
1 0.660976 0.808765 0.089431 0.143426
2 0.656911 0.872510 0.068293 0.075697
2 0.616260 0.929283 0.084553 0.077689
2 0.608943 0.969124 0.092683 0.057769
2 0.402439 0.979084 0.089431 0.041833
2 0.369919 0.934263 0.082927 0.091633
2 0.511382 0.835657 0.066667 0.053785
2 0.581301 0.732072 0.037398 0.033865
2 0.589431 0.720120 0.027642 0.029880
1 0.640650 0.699203 0.061789 0.071713
2 0.677236 0.673307 0.027642 0.027888
4 0.391057 0.791833 0.017886 0.057769
4 0.379675 0.793825 0.014634 0.057769
4 0.376423 0.776892 0.017886 0.051793
4 0.444715 0.778884 0.017886 0.051793
4 0.404878 0.762948 0.013008 0.051793
4 0.414634 0.764940 0.013008 0.047809
4 0.438211 0.749004 0.017886 0.047809
4 0.511382 0.732072 0.011382 0.041833
4 0.511382 0.703187 0.011382 0.039841
4 0.517073 0.702191 0.013008 0.041833
