2 0.908829 0.888199 0.117083 0.124224
4 0.705374 0.863354 0.136276 0.273292
4 0.688100 0.866460 0.170825 0.267081
3 0.692898 0.922360 0.184261 0.155280
4 0.521113 0.916149 0.090211 0.167702
3 0.513436 0.945652 0.105566 0.108696
2 0.597889 0.840062 0.051823 0.071429
2 0.652591 0.850932 0.038388 0.049689
2 0.407869 0.922360 0.078695 0.111801
2 0.487524 0.895963 0.072937 0.102484
1 0.426104 0.830745 0.080614 0.139752
2 0.366603 0.895963 0.057582 0.102484
2 0.345489 0.880435 0.046065 0.077640
2 0.326296 0.875776 0.042226 0.068323
2 0.253359 0.871118 0.049904 0.071429
1 0.174664 0.835404 0.057582 0.099379
