2 0.966875 0.917603 0.066250 0.059925
2 0.913750 0.907303 0.047500 0.046816
2 0.811250 0.906367 0.045000 0.041199
2 0.825625 0.899813 0.048750 0.058052
2 0.758125 0.888577 0.036250 0.035581
2 0.691250 0.889513 0.030000 0.029963
2 0.647500 0.898876 0.050000 0.056180
2 0.670625 0.882959 0.023750 0.031835
1 0.610625 0.867041 0.053750 0.082397
2 0.571875 0.868914 0.023750 0.026217
2 0.541250 0.888577 0.032500 0.035581
2 0.498750 0.908240 0.060000 0.078652
2 0.459375 0.893258 0.046250 0.067416
2 0.426875 0.831461 0.036250 0.056180
2 0.416250 0.925094 0.092500 0.093633
4 0.293125 0.915730 0.031250 0.093633
3 0.293125 0.931648 0.033750 0.088015
1 0.276250 0.861423 0.022500 0.044944
2 0.231875 0.885768 0.033750 0.041199
2 0.179375 0.878277 0.023750 0.026217
2 0.118125 0.878277 0.021250 0.026217
2 0.075625 0.882022 0.038750 0.037453
2 0.053750 0.875468 0.032500 0.043071
2 0.012500 0.882959 0.022500 0.058052
3 0.144375 0.886704 0.013750 0.028090
4 0.144375 0.874532 0.011250 0.033708
2 0.213750 0.874532 0.017500 0.022472
