4 0.329375 0.647280 0.173750 0.664165
4 0.405625 0.672608 0.131250 0.568480
1 0.969375 0.679174 0.061250 0.037523
1 0.789375 0.679174 0.073750 0.045028
1 0.691250 0.677298 0.045000 0.030019
1 0.290000 0.676360 0.057500 0.043152
2 0.258750 0.683865 0.017500 0.020638
1 0.171875 0.672608 0.088750 0.043152
2 0.201875 0.682927 0.018750 0.018762
2 0.183750 0.681051 0.020000 0.022514
2 0.135625 0.680113 0.018750 0.024390
2 0.113750 0.681989 0.020000 0.024390
2 0.093125 0.682927 0.018750 0.018762
2 0.051875 0.679174 0.021250 0.026266
2 0.010000 0.681051 0.017500 0.026266
