1 0.960833 0.758889 0.078333 0.144444
2 0.977500 0.796667 0.045000 0.073333
2 0.920833 0.794444 0.048333 0.060000
2 0.874167 0.796667 0.045000 0.060000
2 0.839167 0.793333 0.065000 0.075556
2 0.876667 0.681111 0.043333 0.055556
2 0.835833 0.651111 0.041667 0.048889
2 0.797500 0.628889 0.045000 0.048889
2 0.778333 0.795556 0.120000 0.106667
2 0.643333 0.828889 0.170000 0.168889
2 0.684167 0.798889 0.095000 0.100000
2 0.533333 0.783333 0.086667 0.086667
1 0.575833 0.741111 0.155000 0.126667
2 0.423333 0.780000 0.070000 0.071111
2 0.362500 0.824444 0.141667 0.146667
2 0.294167 0.806667 0.088333 0.106667
2 0.249167 0.783333 0.045000 0.055556
2 0.212500 0.797778 0.075000 0.080000
2 0.171667 0.792222 0.056667 0.060000
2 0.131667 0.793333 0.046667 0.053333
2 0.085833 0.782222 0.038333 0.044444
2 0.060000 0.797778 0.053333 0.057778
2 0.033333 0.802222 0.063333 0.066667
2 0.094167 0.770000 0.035000 0.046667
