2 0.845188 0.871938 0.122734 0.184855
2 0.672943 0.893096 0.054393 0.071269
2 0.617852 0.897550 0.025105 0.035635
2 0.581590 0.897550 0.030683 0.040089
2 0.529986 0.897550 0.019526 0.026726
2 0.487448 0.896437 0.012552 0.020045
1 0.447699 0.886414 0.022315 0.048998
4 0.429568 0.896437 0.008368 0.028953
4 0.407252 0.894209 0.013947 0.033408
3 0.408647 0.905345 0.011158 0.028953
2 0.322176 0.896437 0.061367 0.073497
2 0.248257 0.893096 0.075314 0.106904
2 0.210600 0.898664 0.100418 0.122494
2 0.153417 0.893096 0.125523 0.173719
