4 0.863974 0.614969 0.272051 0.766975
1 0.740701 0.859568 0.034006 0.052469
2 0.689692 0.864969 0.023379 0.026235
2 0.684378 0.873457 0.031881 0.043210
2 0.639214 0.892747 0.109458 0.106481
2 0.473964 0.892747 0.114772 0.072531
2 0.546227 0.887346 0.065887 0.052469
2 0.557386 0.865741 0.018066 0.024691
2 0.589798 0.870370 0.014878 0.018519
4 0.351753 0.890432 0.025505 0.058642
3 0.353879 0.902778 0.046759 0.043210
4 0.286929 0.886574 0.012752 0.044753
4 0.295430 0.884259 0.012752 0.043210
4 0.315622 0.882716 0.010627 0.033951
4 0.327311 0.879630 0.010627 0.033951
3 0.284803 0.895833 0.025505 0.032407
3 0.298087 0.893519 0.024442 0.033951
3 0.318278 0.890432 0.022317 0.030864
3 0.327311 0.886574 0.021254 0.029321
2 0.289586 0.887346 0.062699 0.040123
2 0.163656 0.881173 0.193411 0.123457
2 0.045165 0.893519 0.058448 0.049383
4 0.007439 0.882716 0.012752 0.070988
4 0.066419 0.888889 0.022317 0.061728
2 0.078108 0.891204 0.039320 0.054012
2 0.027099 0.883488 0.045696 0.041667
