4 0.859053 0.685957 0.117284 0.325617
4 0.766461 0.618827 0.065844 0.188272
4 0.706276 0.629630 0.068930 0.209877
4 0.636317 0.611111 0.066872 0.191358
4 0.457819 0.664352 0.092593 0.307099
4 0.197016 0.626543 0.064815 0.203704
4 0.097222 0.648920 0.075103 0.217593
4 0.379630 0.602623 0.016461 0.121914
4 0.406379 0.595679 0.028807 0.126543
3 0.102881 0.691358 0.086420 0.185185
3 0.198560 0.670525 0.067901 0.155864
3 0.459362 0.719907 0.103909 0.257716
3 0.635288 0.652006 0.073045 0.162037
3 0.701646 0.671296 0.076132 0.191358
3 0.767490 0.661265 0.063786 0.143519
3 0.870370 0.720679 0.185185 0.268519
