4 0.199616 0.861702 0.061420 0.185410
3 0.199616 0.910334 0.061420 0.148936
4 0.325336 0.810030 0.055662 0.179331
4 0.380998 0.787234 0.044146 0.164134
4 0.440499 0.828267 0.055662 0.179331
4 0.537428 0.846505 0.061420 0.185410
4 0.476967 0.797872 0.059501 0.179331
4 0.461612 0.759878 0.044146 0.151976
4 0.400192 0.724924 0.047985 0.167173
4 0.427063 0.677812 0.044146 0.158055
4 0.402111 0.585106 0.044146 0.106383
4 0.318618 0.683891 0.046065 0.158055
4 0.632438 0.610942 0.032630 0.115502
4 0.500960 0.527356 0.034549 0.130699
4 0.320537 0.411854 0.026871 0.088146
4 0.547025 0.382979 0.026871 0.079027
4 0.677543 0.477204 0.034549 0.139818
4 0.937620 0.410334 0.028791 0.109422
3 0.328215 0.857143 0.057582 0.151976
3 0.320537 0.721884 0.053743 0.112462
3 0.381958 0.828267 0.049904 0.136778
3 0.444338 0.870821 0.059501 0.142857
3 0.536468 0.892097 0.063340 0.155015
3 0.479846 0.835866 0.057582 0.133739
3 0.400192 0.764438 0.051823 0.130699
3 0.425144 0.712766 0.044146 0.112462
3 0.403071 0.617021 0.038388 0.079027
3 0.501919 0.563830 0.040307 0.094225
3 0.547985 0.407295 0.024952 0.072948
3 0.322457 0.434650 0.026871 0.079027
2 0.934741 0.948328 0.130518 0.097264
2 0.917466 0.796353 0.165067 0.237082
2 0.883877 0.759878 0.197697 0.194529
1 0.873321 0.659574 0.253359 0.200608
2 0.843570 0.647416 0.163148 0.170213
2 0.766795 0.624620 0.197697 0.173252
1 0.595969 0.714286 0.201536 0.224924
2 0.756238 0.598784 0.184261 0.164134
2 0.795585 0.539514 0.147793 0.118541
2 0.754319 0.512158 0.168906 0.124620
2 0.687140 0.354103 0.134357 0.118541
2 0.716891 0.317629 0.136276 0.106383
2 0.654511 0.281155 0.095969 0.088146
2 0.608445 0.267477 0.088292 0.085106
2 0.417466 0.189970 0.040307 0.063830
2 0.386756 0.238602 0.051823 0.082067
2 0.399232 0.308511 0.061420 0.130699
2 0.365643 0.369301 0.071017 0.124620
2 0.432821 0.392097 0.071017 0.121581
2 0.484645 0.414894 0.082534 0.136778
2 0.390595 0.519757 0.113244 0.158055
2 0.260077 0.542553 0.113244 0.161094
1 0.194818 0.693009 0.163148 0.340426
4 0.646833 0.446809 0.038388 0.085106
3 0.645873 0.480243 0.040307 0.085106
4 0.480806 0.320669 0.017274 0.063830
4 0.490403 0.334347 0.021113 0.054711
