1 0.800000 0.789167 0.346667 0.405000
2 0.302500 0.855000 0.241667 0.206667
1 0.846667 0.495000 0.176667 0.223333
2 0.577500 0.510000 0.125000 0.120000
2 0.689167 0.396667 0.121667 0.106667
1 0.900833 0.347500 0.161667 0.218333
4 0.987500 0.327500 0.025000 0.071667
3 0.985000 0.346667 0.026667 0.060000
2 0.786667 0.283333 0.090000 0.070000
2 0.669167 0.246667 0.088333 0.066667
2 0.750000 0.172500 0.063333 0.048333
2 0.877500 0.151667 0.058333 0.043333
2 0.898333 0.133333 0.050000 0.046667
2 0.921667 0.102500 0.036667 0.035000
2 0.835833 0.110000 0.048333 0.040000
2 0.922500 0.078333 0.045000 0.033333
2 0.982500 0.074167 0.035000 0.035000
2 0.988333 0.106667 0.023333 0.036667
2 0.745833 0.093333 0.041667 0.036667
2 0.770833 0.072500 0.041667 0.031667
2 0.704167 0.083333 0.035000 0.030000
2 0.675833 0.095833 0.041667 0.035000
2 0.681667 0.122500 0.046667 0.041667
1 0.611667 0.105000 0.070000 0.083333
2 0.673333 0.030833 0.030000 0.038333
2 0.600000 0.156667 0.063333 0.060000
2 0.554167 0.139167 0.048333 0.041667
2 0.498333 0.121667 0.056667 0.046667
2 0.562500 0.195000 0.071667 0.056667
2 0.509167 0.157500 0.051667 0.045000
2 0.470000 0.137500 0.046667 0.041667
2 0.438333 0.152500 0.056667 0.045000
2 0.464167 0.185833 0.068333 0.048333
2 0.508333 0.231667 0.080000 0.060000
2 0.395833 0.224167 0.075000 0.051667
2 0.319167 0.270000 0.078333 0.063333
2 0.242500 0.296667 0.098333 0.083333
2 0.225000 0.237500 0.076667 0.058333
2 0.252500 0.378333 0.108333 0.080000
2 0.178333 0.410000 0.123333 0.103333
2 0.056667 0.313333 0.100000 0.080000
4 0.146667 0.312500 0.030000 0.061667
3 0.150833 0.325000 0.038333 0.056667
2 0.065833 0.480000 0.128333 0.113333
