2 0.668452 0.928571 0.139286 0.142857
2 0.673214 0.820168 0.132143 0.174790
2 0.668452 0.667227 0.096429 0.154622
2 0.695833 0.574790 0.065476 0.084034
1 0.892857 0.719328 0.154762 0.258824
2 0.951190 0.629412 0.085714 0.089076
1 0.807143 0.428571 0.061905 0.104202
2 0.719643 0.443697 0.046429 0.047059
2 0.731548 0.422689 0.041667 0.045378
2 0.739881 0.395798 0.041667 0.048739
2 0.749405 0.386555 0.036905 0.047059
2 0.602381 0.426050 0.035714 0.042017
2 0.586905 0.442017 0.042857 0.063866
2 0.579762 0.454622 0.050000 0.072269
2 0.562500 0.475630 0.053571 0.060504
2 0.552976 0.503361 0.060714 0.075630
2 0.511310 0.533613 0.063095 0.062185
2 0.513095 0.582353 0.073810 0.082353
1 0.498810 0.436134 0.057143 0.078992
2 0.510119 0.458824 0.046429 0.063866
2 0.477976 0.481513 0.055952 0.058824
2 0.463095 0.502521 0.059524 0.063866
2 0.432738 0.533613 0.058333 0.065546
2 0.360119 0.470588 0.094048 0.053782
2 0.364881 0.618487 0.075000 0.080672
2 0.419048 0.673950 0.095238 0.134454
2 0.334524 0.792437 0.111905 0.122689
2 0.125595 0.787395 0.125000 0.176471
1 0.230952 0.654622 0.171429 0.243697
4 0.644643 0.442857 0.022619 0.055462
4 0.657143 0.434454 0.014286 0.048739
4 0.636310 0.440336 0.017857 0.060504
