4 0.350346 0.381266 0.032872 0.071240
4 0.462803 0.383905 0.032872 0.081794
4 0.553633 0.377309 0.034602 0.089710
4 0.612457 0.377309 0.031142 0.079156
4 0.739619 0.374670 0.032872 0.089710
3 0.346886 0.403694 0.046713 0.052770
3 0.459343 0.401055 0.043253 0.058047
3 0.553633 0.397098 0.065744 0.065963
3 0.609862 0.394459 0.046713 0.055409
3 0.736159 0.390501 0.070934 0.068602
2 0.582180 0.748021 0.057093 0.081794
2 0.593426 0.792876 0.072664 0.087071
2 0.470588 0.759894 0.058824 0.068602
2 0.451557 0.786280 0.069204 0.100264
2 0.473183 0.829815 0.105536 0.129288
2 0.585640 0.885224 0.157439 0.192612
2 0.292388 0.891821 0.204152 0.216359
