2 0.455233 0.892530 0.171501 0.123476
2 0.221942 0.778201 0.105927 0.074695
2 0.120429 0.726372 0.074401 0.059451
2 0.037201 0.714177 0.071879 0.059451
2 0.027112 0.654726 0.051702 0.068598
1 0.068726 0.850610 0.134931 0.289634
2 0.928121 0.690549 0.078184 0.039634
2 0.853090 0.682165 0.059269 0.035061
2 0.889029 0.664634 0.050441 0.027439
2 0.982976 0.705030 0.034048 0.028963
2 0.986129 0.682927 0.025221 0.033537
2 0.423077 0.627287 0.046658 0.025915
2 0.343632 0.612043 0.031526 0.022866
2 0.890921 0.967226 0.218159 0.065549
1 0.533417 0.596799 0.075662 0.041159
2 0.722573 0.574695 0.040353 0.024390
4 0.077554 0.663872 0.011349 0.041159
