4 0.090332 0.710687 0.151367 0.572519
4 0.267090 0.687023 0.098633 0.525191
4 0.326172 0.695420 0.087891 0.483969
4 0.274902 0.609160 0.084961 0.454962
4 0.422363 0.700763 0.106445 0.519084
4 0.508301 0.703053 0.112305 0.490076
4 0.616699 0.693893 0.122070 0.557252
4 0.545410 0.655725 0.075195 0.450382
4 0.710938 0.706870 0.103516 0.488550
4 0.788574 0.673282 0.112305 0.509924
4 0.881348 0.662595 0.112305 0.476336
4 0.921387 0.629771 0.084961 0.471756
4 0.418945 0.593893 0.083984 0.400000
4 0.503906 0.563359 0.078125 0.338931
4 0.584961 0.548092 0.060547 0.366412
