2 0.721875 0.943281 0.178750 0.113438
2 0.461875 0.702443 0.113750 0.109948
1 0.670625 0.616056 0.188750 0.240838
2 0.867500 0.602094 0.100000 0.122164
2 0.807500 0.509599 0.070000 0.073298
2 0.895000 0.513962 0.070000 0.057592
2 0.803750 0.427574 0.042500 0.048866
2 0.861875 0.424084 0.048750 0.048866
2 0.918125 0.430192 0.051250 0.054101
2 0.948750 0.390925 0.037500 0.045375
2 0.838750 0.377836 0.037500 0.036649
2 0.861250 0.349040 0.040000 0.041885
2 0.951875 0.363002 0.038750 0.045375
2 0.918750 0.312391 0.030000 0.034904
2 0.965625 0.314136 0.033750 0.045375
2 0.688750 0.403141 0.035000 0.045375
4 0.025000 0.610820 0.037500 0.087260
2 0.339375 0.505236 0.061250 0.068063
2 0.478125 0.470332 0.048750 0.047120
2 0.518750 0.445026 0.047500 0.048866
2 0.576250 0.418848 0.042500 0.041885
2 0.608125 0.404887 0.036250 0.038394
2 0.446875 0.434555 0.058750 0.045375
