4 0.374706 0.734099 0.022353 0.068905
4 0.391765 0.727032 0.028235 0.093640
4 0.299412 0.729682 0.027059 0.116608
4 0.210588 0.733216 0.030588 0.148410
4 0.630000 0.757951 0.029412 0.109541
4 0.719412 0.714664 0.050588 0.178445
4 0.662941 0.727915 0.045882 0.155477
4 0.597647 0.722615 0.037647 0.176678
4 0.529412 0.727032 0.035294 0.157244
4 0.492353 0.726148 0.041176 0.173145
4 0.457647 0.724382 0.032941 0.162544
4 0.425294 0.711131 0.043529 0.189046
4 0.335294 0.726148 0.051765 0.183746
4 0.272353 0.727915 0.031765 0.148410
4 0.243529 0.726148 0.030588 0.173145
4 0.191765 0.735866 0.040000 0.227915
4 0.157647 0.749117 0.040000 0.226148
