4 0.412534 0.686484 0.508264 0.627033
2 0.064738 0.465955 0.096419 0.025407
2 0.081956 0.458333 0.106061 0.024390
2 0.168044 0.464939 0.096419 0.023374
2 0.161846 0.452744 0.064738 0.027439
2 0.293388 0.459350 0.074380 0.026423
2 0.365702 0.455793 0.059229 0.025407
2 0.514463 0.457317 0.067493 0.022358
2 0.568871 0.460366 0.099174 0.028455
4 0.659091 0.461890 0.026171 0.039634
2 0.642562 0.454268 0.073003 0.020325
2 0.769284 0.459350 0.108815 0.026423
2 0.916667 0.450711 0.078512 0.019309
2 0.974518 0.455285 0.050964 0.028455
