4 0.070968 0.623580 0.021505 0.068182
4 0.041398 0.622869 0.013978 0.066761
4 0.024194 0.620028 0.016129 0.078125
2 0.205914 0.635653 0.125806 0.080966
2 0.527957 0.625000 0.107527 0.071023
2 0.559140 0.634233 0.113978 0.072443
2 0.803763 0.613636 0.084946 0.073864
2 0.890323 0.631392 0.156989 0.083807
1 0.323656 0.602983 0.243011 0.160511
2 0.373656 0.639915 0.207527 0.092330
2 0.447312 0.648438 0.191398 0.100852
1 0.690323 0.604403 0.243011 0.129261
2 0.852151 0.710938 0.291398 0.237216
4 0.598925 0.757102 0.086022 0.357955
4 0.689785 0.784801 0.078495 0.376420
