2 0.966429 0.855324 0.067143 0.067130
2 0.827857 0.762153 0.038571 0.031250
2 0.925000 0.759838 0.032857 0.026620
2 0.358571 0.920718 0.134286 0.086806
2 0.594286 0.861111 0.100000 0.069444
2 0.392143 0.846065 0.090000 0.057870
2 0.106429 0.885995 0.095714 0.068287
2 0.206429 0.813657 0.075714 0.048611
2 0.155714 0.784144 0.094286 0.033565
2 0.274286 0.782986 0.085714 0.033565
2 0.253571 0.767361 0.055714 0.039352
2 0.381429 0.766782 0.048571 0.038194
2 0.377143 0.751736 0.051429 0.042824
2 0.459286 0.825231 0.081429 0.048611
2 0.518571 0.799190 0.071429 0.047454
2 0.642143 0.796875 0.064286 0.042824
2 0.669286 0.769097 0.052857 0.031250
2 0.599286 0.772569 0.052857 0.028935
2 0.552857 0.763889 0.037143 0.025463
2 0.522143 0.765046 0.038571 0.032407
2 0.497143 0.775463 0.045714 0.032407
2 0.442143 0.778935 0.061429 0.034722
