4 0.941667 0.437500 0.030000 0.110000
4 0.860000 0.435000 0.020000 0.095000
4 0.839167 0.437500 0.031667 0.090000
4 0.815000 0.435000 0.026667 0.105000
4 0.780833 0.457500 0.025000 0.115000
4 0.755833 0.461250 0.031667 0.127500
4 0.728333 0.468750 0.036667 0.132500
4 0.669167 0.466250 0.031667 0.127500
4 0.200000 0.448750 0.033333 0.067500
4 0.308333 0.460000 0.010000 0.055000
4 0.319167 0.458750 0.015000 0.067500
4 0.334167 0.457500 0.018333 0.070000
4 0.349167 0.455000 0.018333 0.070000
4 0.463333 0.466250 0.013333 0.067500
4 0.421667 0.457500 0.020000 0.060000
4 0.435000 0.456250 0.016667 0.062500
4 0.443333 0.455000 0.016667 0.070000
4 0.520000 0.473750 0.023333 0.067500
4 0.915833 0.496250 0.045000 0.187500
