2 0.498437 0.492978 0.037500 0.070225
2 0.552344 0.497191 0.039062 0.061798
2 0.442188 0.492978 0.031250 0.036517
2 0.440625 0.540730 0.046875 0.058989
2 0.567187 0.455056 0.043750 0.050562
4 0.248438 0.660112 0.021875 0.078652
4 0.310937 0.707865 0.021875 0.089888
4 0.298438 0.575843 0.018750 0.056180
0 0.298438 0.599719 0.018750 0.053371
2 0.276562 0.651685 0.090625 0.078652
2 0.351562 0.671348 0.056250 0.084270
2 0.384375 0.741573 0.059375 0.089888
2 0.337500 0.776685 0.062500 0.092697
2 0.424219 0.816011 0.076563 0.120787
4 0.282813 0.751404 0.025000 0.081461
0 0.282813 0.787921 0.021875 0.075843
2 0.252344 0.744382 0.057813 0.084270
4 0.329688 0.889045 0.028125 0.126404
0 0.332031 0.921348 0.026562 0.089888
4 0.296875 0.867978 0.031250 0.101124
4 0.274219 0.882022 0.026562 0.089888
0 0.275781 0.910112 0.020313 0.078652
3 0.300781 0.898876 0.026562 0.095506
4 0.251563 0.938202 0.021875 0.112360
4 0.231250 0.935393 0.021875 0.112360
2 0.167969 0.956461 0.092188 0.087079
2 0.188281 0.921348 0.079687 0.117978
4 0.528906 0.678371 0.020313 0.081461
3 0.530469 0.699438 0.020313 0.067416
4 0.555469 0.640449 0.017188 0.067416
3 0.553906 0.653090 0.020313 0.058989
4 0.569531 0.630618 0.023438 0.070225
3 0.570312 0.650281 0.018750 0.064607
4 0.582031 0.575843 0.017188 0.061798
4 0.602344 0.553371 0.017188 0.073034
4 0.607031 0.516854 0.014063 0.056180
4 0.592187 0.629213 0.021875 0.061798
0 0.591406 0.653090 0.020313 0.058989
4 0.628906 0.650281 0.017188 0.081461
4 0.591406 0.741573 0.023438 0.101124
4 0.651563 0.780899 0.021875 0.089888
4 0.682031 0.773876 0.023438 0.103933
0 0.682813 0.800562 0.021875 0.078652
4 0.734375 0.813202 0.025000 0.103933
0 0.734375 0.837079 0.025000 0.078652
4 0.607812 0.831461 0.031250 0.101124
0 0.613281 0.862360 0.039062 0.084270
4 0.539062 0.820225 0.028125 0.106742
0 0.542969 0.844101 0.060937 0.092697
2 0.598437 0.716292 0.109375 0.112360
2 0.500781 0.726124 0.064062 0.087079
2 0.377344 0.838483 0.145313 0.109551
