2 0.550459 0.788732 0.128440 0.103286
2 0.274083 0.950704 0.185780 0.098592
2 0.366972 0.764085 0.128440 0.115023
2 0.397936 0.690141 0.098624 0.075117
2 0.299312 0.639671 0.075688 0.086854
2 0.325688 0.568075 0.059633 0.051643
2 0.452982 0.625587 0.075688 0.058685
2 0.475917 0.595070 0.071101 0.053991
2 0.579128 0.618545 0.075688 0.053991
2 0.581422 0.592723 0.061927 0.049296
2 0.573394 0.525822 0.055046 0.042254
1 0.496560 0.531690 0.066514 0.063380
1 0.396789 0.512911 0.055046 0.053991
2 0.438073 0.488263 0.045872 0.037559
2 0.498853 0.471831 0.052752 0.042254
2 0.122706 0.627934 0.084862 0.068075
2 0.211009 0.604460 0.073394 0.058685
2 0.891055 0.730047 0.107798 0.084507
2 0.853211 0.671362 0.087156 0.061033
2 0.977064 0.694836 0.045872 0.065728
2 0.987385 0.600939 0.025229 0.042254
2 0.888761 0.538732 0.057339 0.044601
2 0.826835 0.545775 0.052752 0.039906
2 0.731651 0.548122 0.055046 0.049296
2 0.866972 0.510563 0.045872 0.039906
2 0.802752 0.505869 0.045872 0.039906
2 0.819954 0.471831 0.052752 0.042254
2 0.754587 0.467136 0.041284 0.042254
