4 0.679091 0.733509 0.012727 0.047493
4 0.690909 0.730871 0.014545 0.058047
4 0.699091 0.775726 0.020000 0.058047
4 0.741818 0.843008 0.021818 0.071240
2 0.663636 0.742744 0.032727 0.039578
4 0.362727 0.742744 0.012727 0.044855
4 0.315455 0.746702 0.020000 0.058047
4 0.308182 0.844327 0.023636 0.068602
4 0.283636 0.846966 0.018182 0.068602
4 0.267273 0.835092 0.018182 0.060686
4 0.240000 0.836412 0.021818 0.068602
4 0.153636 0.877309 0.020000 0.081794
4 0.142727 0.865435 0.016364 0.063325
4 0.130000 0.858839 0.016364 0.071240
4 0.140909 0.848285 0.016364 0.087071
4 0.041818 0.862797 0.029091 0.079156
4 0.953636 0.865435 0.016364 0.079156
2 0.947273 0.866755 0.101818 0.071240
2 0.882727 0.922164 0.078182 0.092348
2 0.394545 0.771768 0.036364 0.055409
2 0.436364 0.807388 0.043636 0.058047
2 0.362727 0.915567 0.056364 0.089710
4 0.443636 0.886544 0.036364 0.153034
4 0.504545 0.825858 0.041818 0.153034
