4 0.760845 0.776493 0.133482 0.447013
2 0.223026 0.820809 0.419355 0.358382
2 0.447164 0.739884 0.271413 0.408478
2 0.723026 0.707129 0.200222 0.285164
1 0.694661 0.625241 0.174638 0.325626
1 0.914905 0.672447 0.170189 0.504817
4 0.046719 0.691715 0.037820 0.250482
4 0.132925 0.692678 0.038932 0.198459
4 0.165184 0.679191 0.043382 0.198459
4 0.190768 0.685934 0.032258 0.181118
4 0.223582 0.678227 0.031146 0.188825
4 0.263070 0.681118 0.032258 0.190751
4 0.288098 0.663776 0.031146 0.202312
4 0.555061 0.683044 0.053393 0.260116
4 0.764739 0.789981 0.070078 0.420039
