2 0.432596 0.189602 0.084507 0.091743
2 0.359155 0.093272 0.090543 0.094801
1 0.615694 0.243119 0.273642 0.339450
4 0.904427 0.383792 0.042254 0.131498
2 0.822938 0.293578 0.217304 0.152905
2 0.971831 0.386850 0.056338 0.174312
4 0.395372 0.412844 0.050302 0.152905
0 0.394366 0.458716 0.052314 0.128440
4 0.126761 0.495413 0.056338 0.195719
1 0.204225 0.333333 0.372233 0.379205
4 0.335010 0.587156 0.054326 0.183486
3 0.336016 0.628440 0.052314 0.143731
4 0.251509 0.827217 0.068410 0.266055
2 0.602616 0.432722 0.142857 0.186544
2 0.575453 0.545872 0.132797 0.180428
2 0.846076 0.529052 0.134809 0.183486
2 0.925553 0.628440 0.148893 0.211009
2 0.674044 0.718654 0.197183 0.256881
2 0.622736 0.876147 0.251509 0.247706
2 0.854125 0.866972 0.235412 0.266055
