2 0.215476 0.855155 0.183333 0.158756
2 0.263095 0.827332 0.109524 0.103110
2 0.035714 0.823241 0.069048 0.114566
2 0.427381 0.828151 0.097619 0.104746
3 0.510119 0.886252 0.058333 0.129296
4 0.493452 0.849427 0.058333 0.124386
4 0.505952 0.846972 0.057143 0.142390
2 0.390476 0.812602 0.047619 0.050736
2 0.517262 0.804419 0.025000 0.031097
2 0.544048 0.810147 0.047619 0.055646
2 0.579167 0.808511 0.029762 0.036007
2 0.598810 0.806056 0.021429 0.024550
4 0.616071 0.816694 0.020238 0.052373
3 0.616667 0.828969 0.023810 0.050736
4 0.630952 0.813421 0.019048 0.045827
3 0.630952 0.823241 0.019048 0.042553
4 0.675000 0.810966 0.014286 0.040917
3 0.677381 0.816694 0.014286 0.029460
4 0.702381 0.809329 0.011905 0.031097
3 0.702381 0.816694 0.016667 0.029460
4 0.751190 0.862520 0.092857 0.173486
3 0.754167 0.922259 0.086905 0.155483
4 0.860714 0.850245 0.050000 0.116203
3 0.862500 0.873977 0.051190 0.121113
4 0.923810 0.839607 0.023810 0.098200
2 0.889286 0.811784 0.019048 0.022913
4 0.813095 0.818331 0.011905 0.039280
