4 0.946923 0.714481 0.106154 0.565574
4 0.900769 0.702186 0.081538 0.398907
4 0.835385 0.689891 0.080000 0.428962
4 0.713077 0.655738 0.053846 0.316940
4 0.628462 0.668033 0.056923 0.286885
4 0.648462 0.635246 0.056923 0.270492
4 0.587692 0.646175 0.058462 0.259563
4 0.531538 0.616120 0.029231 0.183060
4 0.494615 0.620219 0.038462 0.185792
4 0.779231 0.558743 0.023077 0.090164
4 0.686154 0.606557 0.046154 0.174863
4 0.308462 0.760929 0.118462 0.467213
4 0.212308 0.747268 0.104615 0.500000
4 0.123846 0.755464 0.109231 0.489071
4 0.343846 0.636612 0.035385 0.202186
4 0.060769 0.674863 0.056923 0.267760
