2 0.927273 0.924939 0.050909 0.053269
2 0.892727 0.927361 0.047273 0.048426
2 0.827273 0.924939 0.050909 0.053269
2 0.754545 0.924939 0.040000 0.048426
2 0.612727 0.921308 0.025455 0.055690
2 0.580909 0.922518 0.030909 0.048426
2 0.588182 0.799031 0.023636 0.038741
2 0.720909 0.815981 0.023636 0.038741
2 0.775455 0.820823 0.027273 0.033898
2 0.827273 0.823245 0.025455 0.038741
2 0.800000 0.820823 0.025455 0.038741
2 0.858182 0.823245 0.032727 0.038741
2 0.913636 0.818402 0.038182 0.043584
2 0.842727 0.750605 0.030909 0.029056
