2 0.095070 0.544792 0.187793 0.727083
2 0.400822 0.622917 0.318075 0.412500
2 0.207746 0.600000 0.173709 0.304167
2 0.531103 0.635417 0.264085 0.341667
2 0.719484 0.655208 0.185446 0.277083
2 0.839789 0.690625 0.104460 0.156250
2 0.961268 0.651042 0.077465 0.293750
2 0.950704 0.671875 0.075117 0.243750
2 0.964202 0.420833 0.052817 0.045833
1 0.401408 0.379167 0.117371 0.108333
2 0.417840 0.204167 0.030516 0.050000
2 0.369718 0.211458 0.030516 0.039583
2 0.359155 0.189583 0.025822 0.041667
2 0.355047 0.173958 0.029343 0.047917
2 0.344484 0.150000 0.031690 0.041667
2 0.367371 0.082292 0.028169 0.035417
2 0.358568 0.075000 0.024648 0.037500
2 0.359742 0.060417 0.029343 0.037500
2 0.335094 0.119792 0.024648 0.039583
2 0.329225 0.101042 0.024648 0.035417
2 0.322770 0.083333 0.028169 0.037500
2 0.319249 0.063542 0.030516 0.047917
2 0.306338 0.030208 0.028169 0.039583
2 0.263498 0.030208 0.029343 0.047917
2 0.302817 0.151042 0.032864 0.052083
2 0.295775 0.126042 0.030516 0.047917
2 0.281103 0.088542 0.024648 0.035417
2 0.275822 0.065625 0.028169 0.035417
2 0.257629 0.128125 0.026995 0.039583
2 0.247066 0.102083 0.031690 0.041667
2 0.225939 0.048958 0.029343 0.039583
2 0.134977 0.064583 0.030516 0.041667
2 0.044014 0.026042 0.029343 0.035417
