2 0.085084 0.572423 0.056723 0.064067
2 0.234244 0.470752 0.035714 0.044568
2 0.238445 0.444290 0.031513 0.036212
2 0.280462 0.523677 0.044118 0.044568
2 0.206933 0.639276 0.060924 0.080780
2 0.250000 0.660167 0.071429 0.066852
2 0.367647 0.633705 0.067227 0.075209
2 0.347689 0.577994 0.048319 0.064067
2 0.418067 0.579387 0.046218 0.055710
2 0.501050 0.573816 0.048319 0.055710
2 0.444328 0.548747 0.048319 0.050139
2 0.462185 0.532033 0.042017 0.050139
2 0.474790 0.505571 0.042017 0.052925
2 0.634454 0.694986 0.067227 0.086351
2 0.618697 0.636490 0.065126 0.069638
2 0.579832 0.598886 0.054622 0.055710
2 0.561975 0.565460 0.056723 0.072423
2 0.529412 0.519499 0.054622 0.080780
2 0.602941 0.513928 0.042017 0.058496
2 0.744748 0.646240 0.060924 0.066852
2 0.742647 0.589136 0.065126 0.075209
2 0.841387 0.642061 0.060924 0.064067
4 0.976891 0.768802 0.033613 0.077994
3 0.977941 0.798050 0.031513 0.075209
2 0.733193 0.880223 0.109244 0.111421
2 0.532563 0.806407 0.094538 0.097493
2 0.423319 0.852368 0.094538 0.100279
4 0.293067 0.747911 0.027311 0.097493
4 0.314076 0.747911 0.023109 0.103064
4 0.330882 0.754875 0.023109 0.094708
2 0.243697 0.738162 0.067227 0.083565
2 0.139706 0.699164 0.077731 0.089136
2 0.130252 0.732591 0.071429 0.094708
2 0.207983 0.763231 0.092437 0.100279
2 0.174370 0.870474 0.100840 0.108635
1 0.044118 0.731198 0.071429 0.208914
4 0.858193 0.701950 0.035714 0.072423
3 0.860294 0.736769 0.039916 0.058496
