1 0.380000 0.253226 0.072000 0.125806
1 0.436000 0.293548 0.100000 0.129032
2 0.460000 0.382258 0.068000 0.093548
2 0.422000 0.432258 0.072000 0.083871
2 0.452000 0.512903 0.072000 0.116129
2 0.502000 0.474194 0.076000 0.109677
2 0.529000 0.367742 0.066000 0.090323
2 0.554000 0.417742 0.072000 0.093548
2 0.559000 0.340323 0.054000 0.080645
2 0.562000 0.283871 0.072000 0.116129
2 0.550000 0.537097 0.096000 0.158065
2 0.423000 0.550000 0.102000 0.170968
1 0.638000 0.304839 0.068000 0.112903
2 0.627000 0.362903 0.066000 0.112903
2 0.644000 0.390323 0.064000 0.122581
2 0.662000 0.433871 0.080000 0.119355
2 0.611000 0.487097 0.070000 0.109677
2 0.674000 0.562903 0.092000 0.119355
2 0.354000 0.327419 0.064000 0.106452
2 0.346000 0.380645 0.076000 0.116129
2 0.653000 0.641935 0.110000 0.154839
2 0.522000 0.750000 0.112000 0.164516
2 0.513000 0.900000 0.138000 0.187097
2 0.722000 0.935484 0.156000 0.129032
2 0.300000 0.762903 0.116000 0.158065
