2 0.185000 0.381897 0.104286 0.051307
2 0.055000 0.516941 0.107143 0.085189
2 0.213571 0.326234 0.081429 0.044530
2 0.168571 0.227493 0.057143 0.038722
2 0.233571 0.228945 0.061429 0.030010
2 0.043571 0.678122 0.084286 0.132623
2 0.030714 0.753630 0.058571 0.113262
1 0.456429 0.450629 0.121429 0.078412
2 0.490000 0.491288 0.077143 0.039690
2 0.471429 0.526137 0.111429 0.055179
2 0.477857 0.549855 0.112857 0.042594
2 0.480000 0.571636 0.114286 0.053243
2 0.505714 0.586641 0.111429 0.061955
2 0.527857 0.612294 0.127143 0.057115
2 0.537143 0.654889 0.154286 0.059051
2 0.558571 0.679090 0.165714 0.066796
2 0.489286 0.705227 0.187143 0.080348
2 0.582857 0.747338 0.188571 0.104550
2 0.477143 0.772023 0.177143 0.132623
2 0.529286 0.800581 0.204286 0.162633
2 0.585714 0.859148 0.228571 0.140368
2 0.672857 0.916263 0.325714 0.167473
2 0.632143 0.533882 0.104286 0.062924
2 0.660000 0.549371 0.100000 0.059051
2 0.669286 0.569700 0.098571 0.064860
1 0.797857 0.589545 0.241429 0.207164
2 0.825000 0.672314 0.147143 0.090029
1 0.892143 0.729913 0.215714 0.168441
2 0.924286 0.817038 0.151429 0.152953
2 0.942143 0.883833 0.115714 0.129719
2 0.962857 0.939013 0.074286 0.121975
2 0.640714 0.503388 0.087143 0.046467
2 0.967857 0.612778 0.064286 0.073572
2 0.931429 0.587125 0.091429 0.062924
