2 0.214881 0.116190 0.065476 0.038095
2 0.209524 0.112381 0.076190 0.045714
2 0.132738 0.116190 0.055952 0.038095
2 0.038690 0.120000 0.055952 0.045714
2 0.383929 0.112381 0.072619 0.049524
1 0.523810 0.098095 0.280952 0.070476
2 0.730952 0.118095 0.061905 0.041905
2 0.768452 0.114286 0.058333 0.045714
2 0.825595 0.119048 0.051190 0.036190
2 0.879762 0.119048 0.054762 0.040000
2 0.916071 0.120952 0.055952 0.040000
2 0.968452 0.120952 0.053571 0.040000
2 0.673214 0.116190 0.055952 0.038095
2 0.230357 0.295238 0.055952 0.041905
2 0.289881 0.304762 0.036905 0.041905
2 0.317262 0.293333 0.029762 0.045714
2 0.334524 0.292381 0.026190 0.036190
2 0.401786 0.306667 0.036905 0.041905
2 0.413095 0.292381 0.030952 0.036190
2 0.433929 0.291429 0.027381 0.038095
2 0.461905 0.299048 0.033333 0.041905
2 0.472024 0.288571 0.034524 0.043810
2 0.549405 0.403810 0.046429 0.045714
2 0.548810 0.433333 0.047619 0.051429
2 0.578571 0.451429 0.071429 0.068571
2 0.557738 0.461905 0.048810 0.055238
2 0.557738 0.493333 0.051190 0.072381
2 0.567857 0.521905 0.059524 0.068571
2 0.555357 0.550476 0.055952 0.076190
2 0.569643 0.565714 0.060714 0.076190
2 0.575595 0.587619 0.070238 0.078095
2 0.579762 0.620000 0.061905 0.066667
2 0.573214 0.655238 0.070238 0.068571
2 0.578571 0.709524 0.092857 0.112381
2 0.588095 0.735238 0.078571 0.087619
2 0.584524 0.795238 0.088095 0.108571
2 0.595833 0.818095 0.082143 0.108571
2 0.600595 0.847619 0.089286 0.114286
2 0.621429 0.853333 0.107143 0.121905
2 0.622619 0.906667 0.121429 0.110476
2 0.625000 0.939048 0.123810 0.118095
2 0.626190 0.955238 0.126190 0.089524
2 0.619048 0.380952 0.052381 0.041905
2 0.626786 0.397143 0.048810 0.043810
2 0.628571 0.426667 0.054762 0.053333
2 0.634524 0.473333 0.054762 0.059048
2 0.658929 0.480952 0.060714 0.074286
2 0.665476 0.526667 0.064286 0.089524
2 0.660119 0.558095 0.058333 0.087619
2 0.670238 0.580000 0.069048 0.078095
2 0.669048 0.624762 0.069048 0.087619
2 0.676786 0.638095 0.065476 0.068571
2 0.684524 0.669524 0.076190 0.097143
2 0.695833 0.700952 0.082143 0.102857
2 0.705952 0.723810 0.080952 0.099048
2 0.720238 0.744762 0.078571 0.110476
2 0.739286 0.785714 0.085714 0.131429
2 0.757143 0.813333 0.092857 0.106667
2 0.767262 0.840000 0.101190 0.099048
2 0.767262 0.876190 0.105952 0.118095
2 0.785119 0.900000 0.103571 0.131429
2 0.816071 0.930476 0.122619 0.131429
2 0.833333 0.946667 0.123810 0.106667
2 0.658929 0.329524 0.036905 0.045714
2 0.679167 0.352381 0.048810 0.064762
2 0.701190 0.386667 0.064286 0.076190
2 0.698810 0.400952 0.042857 0.055238
2 0.708333 0.418095 0.050000 0.055238
2 0.681548 0.451429 0.048810 0.068571
2 0.720833 0.475238 0.051190 0.074286
2 0.748214 0.502857 0.053571 0.068571
2 0.752976 0.512381 0.055952 0.057143
2 0.751786 0.543810 0.053571 0.070476
2 0.770238 0.558095 0.061905 0.083810
2 0.781548 0.581905 0.053571 0.074286
2 0.793452 0.596190 0.067857 0.099048
2 0.799405 0.640952 0.067857 0.093333
2 0.809524 0.677143 0.080952 0.097143
2 0.832143 0.702857 0.071429 0.125714
2 0.849405 0.739048 0.075000 0.106667
2 0.869048 0.759048 0.078571 0.112381
2 0.893452 0.794286 0.108333 0.133333
2 0.922024 0.816190 0.105952 0.154286
2 0.947024 0.869524 0.094048 0.131429
2 0.956548 0.887619 0.086905 0.125714
2 0.967857 0.927619 0.064286 0.144762
2 0.711905 0.289524 0.035714 0.060952
2 0.728571 0.320000 0.033333 0.053333
2 0.742857 0.348571 0.040476 0.057143
2 0.756548 0.379048 0.036905 0.053333
1 0.792857 0.387619 0.078571 0.127619
2 0.812500 0.443810 0.060714 0.064762
2 0.807738 0.453333 0.055952 0.053333
2 0.811905 0.481905 0.054762 0.072381
2 0.848810 0.511429 0.064286 0.081905
2 0.864286 0.561905 0.061905 0.083810
2 0.880952 0.577143 0.059524 0.072381
2 0.883929 0.614286 0.065476 0.081905
2 0.926190 0.652381 0.080952 0.100952
2 0.954762 0.682857 0.076190 0.100952
2 0.961310 0.720000 0.077381 0.106667
2 0.861905 0.404762 0.054762 0.089524
2 0.883929 0.463810 0.051190 0.066667
2 0.897619 0.442857 0.045238 0.066667
2 0.911310 0.479048 0.051190 0.089524
2 0.944048 0.510476 0.054762 0.091429
2 0.963690 0.538095 0.067857 0.108571
2 0.979167 0.589524 0.041667 0.097143
2 0.457143 0.330476 0.033333 0.043810
2 0.400000 0.340000 0.040476 0.043810
2 0.457738 0.369524 0.046429 0.049524
2 0.462500 0.419048 0.048810 0.057143
2 0.379762 0.383810 0.045238 0.059048
2 0.333929 0.352381 0.044048 0.049524
2 0.237500 0.367619 0.046429 0.053333
2 0.277976 0.460952 0.055952 0.083810
2 0.366667 0.452381 0.057143 0.081905
2 0.416667 0.619048 0.073810 0.091429
2 0.414881 0.709524 0.079762 0.100952
2 0.325595 0.656190 0.079762 0.097143
2 0.232143 0.564762 0.064286 0.081905
2 0.095833 0.629524 0.070238 0.089524
2 0.189881 0.667619 0.077381 0.089524
2 0.098810 0.754286 0.076190 0.110476
2 0.060119 0.848571 0.094048 0.120000
2 0.258333 0.840952 0.104762 0.135238
2 0.396429 0.903810 0.121429 0.180952
2 0.656548 0.308571 0.036905 0.041905
