4 0.429000 0.295181 0.026000 0.096386
4 0.555000 0.347892 0.030000 0.105422
4 0.588000 0.319277 0.024000 0.108434
4 0.598000 0.311747 0.024000 0.129518
4 0.624000 0.350904 0.028000 0.135542
4 0.635000 0.290663 0.014000 0.075301
4 0.678000 0.358434 0.024000 0.132530
4 0.700000 0.367470 0.028000 0.138554
4 0.759000 0.344880 0.030000 0.129518
2 0.679000 0.338855 0.094000 0.147590
2 0.633000 0.186747 0.058000 0.066265
2 0.720000 0.203313 0.072000 0.093373
1 0.683000 0.144578 0.126000 0.132530
1 0.578000 0.106928 0.108000 0.117470
2 0.585000 0.162651 0.054000 0.090361
2 0.549000 0.215361 0.054000 0.075301
2 0.531000 0.174699 0.050000 0.078313
2 0.531000 0.278614 0.078000 0.087349
2 0.505000 0.237952 0.066000 0.078313
2 0.471000 0.213855 0.070000 0.090361
2 0.492000 0.316265 0.156000 0.096386
1 0.335000 0.259036 0.130000 0.186747
2 0.859000 0.106928 0.062000 0.069277
2 0.966000 0.125000 0.068000 0.063253
2 0.959000 0.221386 0.082000 0.093373
2 0.959000 0.271084 0.082000 0.084337
2 0.827000 0.204819 0.062000 0.078313
2 0.801000 0.224398 0.070000 0.093373
2 0.892000 0.227410 0.072000 0.087349
2 0.882000 0.287651 0.080000 0.093373
2 0.872000 0.325301 0.112000 0.096386
2 0.930000 0.359940 0.140000 0.147590
2 0.360000 0.373494 0.104000 0.138554
2 0.387000 0.433735 0.118000 0.126506
2 0.506000 0.423193 0.100000 0.129518
2 0.546000 0.466867 0.112000 0.144578
2 0.601000 0.492470 0.126000 0.129518
2 0.605000 0.524096 0.138000 0.156627
2 0.600000 0.603916 0.168000 0.171687
2 0.447000 0.504518 0.118000 0.135542
2 0.437000 0.584337 0.126000 0.222892
4 0.479000 0.646084 0.050000 0.195783
2 0.782000 0.498494 0.124000 0.123494
2 0.820000 0.563253 0.136000 0.174699
4 0.888000 0.513554 0.048000 0.159639
2 0.594000 0.685241 0.248000 0.177711
2 0.791000 0.662651 0.334000 0.295181
2 0.909000 0.731928 0.182000 0.192771
2 0.615000 0.831325 0.374000 0.222892
2 0.874000 0.841867 0.252000 0.231928
2 0.840000 0.900602 0.320000 0.198795
4 0.362000 0.929217 0.056000 0.141566
4 0.393000 0.896084 0.070000 0.207831
4 0.424000 0.896084 0.060000 0.207831
4 0.282000 0.905120 0.060000 0.189759
4 0.287000 0.888554 0.046000 0.222892
4 0.296000 0.893072 0.044000 0.213855
4 0.232000 0.903614 0.044000 0.192771
4 0.260000 0.641566 0.028000 0.096386
4 0.273000 0.673193 0.046000 0.159639
1 0.197000 0.227410 0.142000 0.243976
1 0.107000 0.128012 0.106000 0.165663
1 0.111000 0.365964 0.186000 0.286145
1 0.105000 0.628012 0.206000 0.400602
2 0.210000 0.340361 0.064000 0.072289
2 0.227000 0.359940 0.066000 0.069277
2 0.231000 0.382530 0.090000 0.072289
2 0.241000 0.411145 0.090000 0.087349
2 0.252000 0.466867 0.108000 0.138554
2 0.294000 0.503012 0.136000 0.144578
2 0.298000 0.549699 0.132000 0.159639
2 0.305000 0.585843 0.142000 0.165663
2 0.337000 0.662651 0.154000 0.192771
2 0.063000 0.897590 0.122000 0.204819
2 0.200000 0.796687 0.276000 0.274096
2 0.479000 0.865964 0.390000 0.268072
1 0.045000 0.171687 0.086000 0.210843
