2 0.556667 0.747774 0.046667 0.083086
2 0.583333 0.755193 0.056667 0.091988
2 0.615833 0.761128 0.068333 0.097923
2 0.430000 0.768546 0.090000 0.124629
2 0.068333 0.697329 0.066667 0.118694
2 0.223333 0.755193 0.103333 0.139466
1 0.803333 0.729970 0.133333 0.195846
2 0.881667 0.772997 0.113333 0.151335
1 0.440000 0.700297 0.046667 0.065282
1 0.478333 0.701780 0.043333 0.074184
4 0.972500 0.856083 0.055000 0.287834
4 0.691667 0.857567 0.106667 0.284866
4 0.713333 0.857567 0.136667 0.284866
4 0.651667 0.853116 0.086667 0.293769
3 0.682500 0.903561 0.251667 0.192878
4 0.829167 0.823442 0.091667 0.341246
4 0.470000 0.845697 0.113333 0.308605
3 0.474167 0.910979 0.215000 0.178042
4 0.302500 0.842730 0.085000 0.314540
4 0.338333 0.796736 0.083333 0.394659
4 0.248333 0.827893 0.103333 0.344214
3 0.245833 0.908012 0.241667 0.183976
4 0.117500 0.823442 0.081667 0.353116
