4 0.019167 0.771513 0.021667 0.089021
4 0.055000 0.765579 0.030000 0.094955
4 0.133333 0.755193 0.030000 0.103858
3 0.017500 0.798220 0.028333 0.077151
3 0.055833 0.795252 0.031667 0.083086
3 0.131667 0.786350 0.033333 0.089021
4 0.352500 0.735905 0.028333 0.071217
3 0.353333 0.767062 0.030000 0.074184
2 0.234167 0.808605 0.168333 0.192878
2 0.454167 0.752226 0.078333 0.121662
2 0.580000 0.750742 0.073333 0.112760
2 0.675000 0.741840 0.050000 0.094955
2 0.634167 0.756677 0.095000 0.130564
2 0.765000 0.801187 0.153333 0.201780
2 0.859167 0.712166 0.051667 0.094955
2 0.919167 0.729970 0.068333 0.077151
2 0.545833 0.744807 0.061667 0.106825
