2 0.330025 0.245583 0.089330 0.098940
2 0.054591 0.423145 0.106700 0.136042
2 0.638337 0.270318 0.107940 0.116608
2 0.481390 0.397527 0.136476 0.130742
2 0.441687 0.466431 0.151365 0.141343
2 0.772333 0.310071 0.100496 0.111307
2 0.700993 0.424028 0.119107 0.137809
2 0.639578 0.525618 0.147643 0.160777
2 0.910670 0.410777 0.124069 0.146643
2 0.549628 0.666961 0.173697 0.196113
2 0.857940 0.657244 0.165012 0.201413
2 0.937345 0.483216 0.122829 0.146643
2 0.777916 0.833922 0.196030 0.226148
2 0.454094 0.874558 0.205955 0.236749
2 0.111042 0.794170 0.184864 0.203180
