2 0.215251 0.497222 0.090734 0.083333
2 0.213320 0.543056 0.102317 0.097222
2 0.220077 0.586111 0.115830 0.105556
2 0.231660 0.651389 0.135135 0.158333
2 0.353282 0.540278 0.096525 0.113889
2 0.391892 0.602778 0.100386 0.133333
2 0.444981 0.663889 0.133205 0.172222
2 0.583977 0.608333 0.129344 0.144444
2 0.545367 0.555556 0.117761 0.111111
2 0.752896 0.580556 0.131274 0.133333
2 0.824324 0.651389 0.138996 0.163889
2 0.918919 0.725000 0.142857 0.177778
2 0.037645 0.550000 0.071429 0.155556
2 0.281853 0.383333 0.081081 0.088889
2 0.049228 0.759722 0.094595 0.208333
2 0.278958 0.819444 0.152510 0.177778
2 0.473938 0.733333 0.137066 0.155556
2 0.684363 0.722222 0.121622 0.155556
2 0.805019 0.877778 0.146718 0.194444
2 0.896718 0.930556 0.175676 0.138889
