2 0.839000 0.816817 0.086000 0.078078
1 0.677000 0.773273 0.106000 0.117117
1 0.606000 0.770270 0.044000 0.081081
2 0.565000 0.800300 0.046000 0.057057
2 0.587000 0.806306 0.050000 0.069069
2 0.519000 0.783784 0.034000 0.060060
2 0.485000 0.788288 0.046000 0.081081
2 0.318000 0.782282 0.092000 0.147147
4 0.830000 0.674174 0.012000 0.045045
4 0.734000 0.668168 0.012000 0.045045
4 0.057000 0.663664 0.010000 0.042042
4 0.018000 0.669670 0.012000 0.036036
4 0.629000 0.660661 0.010000 0.042042
4 0.883000 0.675676 0.010000 0.048048
2 0.634000 0.830330 0.120000 0.141141
2 0.423000 0.822823 0.118000 0.138138
2 0.183000 0.834835 0.362000 0.324324
