2 0.688182 0.227520 0.038182 0.046322
2 0.722727 0.238420 0.045455 0.073569
2 0.828182 0.276567 0.045455 0.046322
2 0.651818 0.316076 0.063636 0.070845
1 0.898182 0.258856 0.080000 0.141689
2 0.827273 0.340599 0.061818 0.070845
2 0.792727 0.444142 0.090909 0.114441
2 0.538182 0.426431 0.083636 0.106267
2 0.393636 0.371935 0.089091 0.133515
2 0.245455 0.456403 0.076364 0.100817
2 0.303636 0.482289 0.083636 0.141689
2 0.416364 0.555858 0.120000 0.141689
2 0.761818 0.893733 0.163636 0.207084
2 0.158182 0.930518 0.200000 0.138965
