2 0.096033 0.665556 0.058455 0.037778
2 0.097077 0.643333 0.048017 0.046667
2 0.126305 0.635556 0.039666 0.044444
2 0.153445 0.637778 0.035491 0.040000
2 0.345511 0.681111 0.056367 0.051111
2 0.483299 0.624444 0.039666 0.031111
2 0.580376 0.611111 0.025052 0.022222
2 0.630480 0.610000 0.033403 0.024444
2 0.679541 0.607778 0.027140 0.024444
2 0.675365 0.601111 0.027140 0.024444
2 0.707724 0.611111 0.033403 0.026667
2 0.739040 0.606667 0.025052 0.022222
2 0.760960 0.610000 0.031315 0.028889
2 0.768267 0.602222 0.033403 0.026667
2 0.769311 0.593333 0.027140 0.026667
2 0.743215 0.630000 0.033403 0.028889
2 0.754697 0.647778 0.052192 0.051111
2 0.789144 0.665556 0.050104 0.042222
2 0.831942 0.671111 0.048017 0.031111
2 0.807933 0.634444 0.037578 0.028889
2 0.805846 0.622222 0.037578 0.022222
2 0.817328 0.608889 0.039666 0.026667
2 0.821503 0.600000 0.035491 0.022222
2 0.865344 0.634444 0.035491 0.028889
2 0.842380 0.698889 0.052192 0.051111
2 0.827766 0.716667 0.056367 0.064444
2 0.712944 0.676667 0.048017 0.042222
2 0.681628 0.650000 0.039666 0.037778
2 0.718163 0.757778 0.070981 0.062222
2 0.674322 0.925556 0.116910 0.095556
1 0.864301 0.596667 0.045929 0.055556
2 0.864301 0.616667 0.033403 0.024444
