4 0.640909 0.667808 0.018182 0.075342
2 0.575758 0.648402 0.045455 0.050228
2 0.562121 0.624429 0.039394 0.052511
2 0.553788 0.590183 0.040909 0.052511
2 0.527273 0.691781 0.048485 0.063927
2 0.518182 0.672374 0.045455 0.061644
2 0.487879 0.643836 0.042424 0.054795
2 0.485606 0.618721 0.043939 0.054795
2 0.478030 0.589041 0.040909 0.054795
2 0.424242 0.631279 0.039394 0.070776
2 0.422727 0.586758 0.039394 0.054795
2 0.384848 0.675799 0.057576 0.059361
2 0.453788 0.678082 0.053030 0.073059
2 0.597727 0.696347 0.056061 0.073059
2 0.507576 0.764840 0.063636 0.073059
2 0.323485 0.597032 0.037879 0.052511
2 0.322727 0.623288 0.042424 0.054795
2 0.314394 0.655251 0.043939 0.054795
2 0.259848 0.634703 0.040909 0.054795
2 0.266667 0.611872 0.036364 0.054795
2 0.195455 0.611872 0.033333 0.054795
2 0.220455 0.658676 0.037879 0.061644
2 0.228030 0.703196 0.050000 0.068493
2 0.146970 0.713470 0.060606 0.070776
1 0.098485 0.628995 0.072727 0.111872
2 0.411364 0.746575 0.059091 0.073059
2 0.520455 0.820776 0.077273 0.098174
2 0.162879 0.759132 0.065152 0.075342
2 0.237121 0.807078 0.059091 0.079909
2 0.071970 0.885845 0.083333 0.105023
