2 0.861250 0.785971 0.042500 0.061151
2 0.786250 0.776978 0.052500 0.071942
1 0.737500 0.764388 0.070000 0.097122
1 0.698750 0.762590 0.062500 0.093525
2 0.672500 0.785971 0.045000 0.046763
2 0.638750 0.785971 0.047500 0.046763
2 0.632500 0.776978 0.055000 0.064748
2 0.556250 0.776978 0.047500 0.071942
2 0.297500 0.778777 0.040000 0.053957
2 0.252500 0.780576 0.035000 0.057554
2 0.165000 0.798561 0.100000 0.107914
4 0.067500 0.809353 0.015000 0.050360
4 0.966250 0.778777 0.017500 0.061151
2 0.208750 0.776978 0.042500 0.071942
2 0.143750 0.805755 0.132500 0.129496
4 0.540000 0.748201 0.115000 0.316547
4 0.411250 0.728417 0.142500 0.442446
0 0.407500 0.839928 0.270000 0.305755
