2 0.422131 0.546875 0.045082 0.046131
2 0.471824 0.546875 0.037910 0.052083
2 0.517418 0.537946 0.036885 0.043155
2 0.548156 0.533482 0.038934 0.040179
2 0.504611 0.561012 0.058402 0.068452
2 0.546107 0.578125 0.069672 0.069940
2 0.612193 0.555060 0.068648 0.086310
2 0.655738 0.546875 0.071721 0.066964
2 0.736168 0.544643 0.060451 0.068452
2 0.844262 0.553571 0.067623 0.080357
1 0.346824 0.674107 0.048156 0.083333
2 0.308402 0.691964 0.038934 0.041667
2 0.286373 0.681548 0.035861 0.044643
2 0.255123 0.647321 0.024590 0.032738
2 0.273053 0.729911 0.039959 0.043155
2 0.271516 0.746280 0.040984 0.055060
2 0.281250 0.767113 0.042008 0.049107
2 0.319160 0.739583 0.039959 0.050595
2 0.329406 0.747768 0.046107 0.052083
2 0.337602 0.755208 0.044057 0.055060
2 0.341701 0.766369 0.044057 0.053571
2 0.347848 0.776042 0.052254 0.061012
2 0.371926 0.790923 0.069672 0.063988
4 0.424693 0.783482 0.021516 0.066964
2 0.421107 0.913690 0.081967 0.092262
2 0.432889 0.774554 0.050205 0.066964
2 0.412910 0.756696 0.043033 0.058036
2 0.397541 0.746280 0.043033 0.063988
4 0.272541 0.825893 0.024590 0.062500
3 0.271516 0.838542 0.032787 0.055060
4 0.254611 0.811756 0.023566 0.063988
3 0.255635 0.821429 0.019467 0.053571
4 0.180840 0.834077 0.031762 0.081845
3 0.179816 0.841518 0.023566 0.066964
1 0.222336 0.770833 0.102459 0.145833
2 0.225922 0.863839 0.070697 0.081845
2 0.230020 0.877232 0.068648 0.087798
2 0.261270 0.899554 0.071721 0.078869
2 0.296107 0.917411 0.092213 0.084821
2 0.302254 0.947917 0.084016 0.095238
2 0.263320 0.965030 0.098361 0.069940
2 0.150102 0.944940 0.087090 0.098214
2 0.044570 0.937500 0.085041 0.107143
2 0.394467 0.815476 0.059426 0.065476
2 0.349898 0.863095 0.068648 0.074405
2 0.425717 0.946429 0.087090 0.092262
2 0.574283 0.618304 0.078893 0.090774
2 0.680328 0.604167 0.075820 0.080357
2 0.782787 0.572917 0.077869 0.083333
2 0.895492 0.555804 0.081967 0.096726
2 0.890881 0.647321 0.089139 0.110119
2 0.954918 0.624256 0.069672 0.084821
2 0.951332 0.710565 0.097336 0.114583
2 0.885758 0.838542 0.119877 0.191964
2 0.673156 0.747768 0.094262 0.117560
