2 0.782000 0.180723 0.040000 0.054217
2 0.787000 0.233434 0.038000 0.063253
2 0.803000 0.296687 0.054000 0.075301
2 0.914000 0.280120 0.068000 0.078313
2 0.898000 0.234940 0.052000 0.060241
2 0.972000 0.379518 0.056000 0.096386
2 0.638000 0.298193 0.076000 0.066265
2 0.640000 0.390060 0.096000 0.099398
2 0.645000 0.420181 0.082000 0.087349
2 0.640000 0.478916 0.084000 0.102410
2 0.657000 0.504518 0.086000 0.111446
2 0.677000 0.510542 0.098000 0.129518
2 0.674000 0.545181 0.088000 0.126506
2 0.658000 0.606928 0.116000 0.129518
2 0.696000 0.650602 0.116000 0.120482
2 0.691000 0.688253 0.122000 0.117470
2 0.697000 0.753012 0.134000 0.168675
2 0.727000 0.875000 0.158000 0.219880
2 0.808000 0.924699 0.176000 0.150602
2 0.773000 0.960843 0.146000 0.078313
2 0.508000 0.471386 0.100000 0.153614
2 0.485000 0.509036 0.090000 0.096386
2 0.479000 0.557229 0.114000 0.114458
2 0.508000 0.578313 0.108000 0.102410
2 0.490000 0.625000 0.100000 0.111446
2 0.519000 0.661145 0.102000 0.177711
2 0.493000 0.725904 0.130000 0.162651
2 0.474000 0.843373 0.144000 0.234940
2 0.521000 0.911145 0.170000 0.177711
2 0.377000 0.371988 0.074000 0.099398
2 0.360000 0.409639 0.072000 0.078313
2 0.363000 0.432229 0.070000 0.081325
2 0.357000 0.471386 0.082000 0.105422
2 0.320000 0.492470 0.084000 0.087349
2 0.321000 0.513554 0.074000 0.099398
2 0.300000 0.539157 0.080000 0.102410
2 0.339000 0.564759 0.086000 0.111446
2 0.302000 0.587349 0.100000 0.120482
2 0.292000 0.614458 0.104000 0.126506
2 0.284000 0.650602 0.108000 0.132530
2 0.269000 0.706325 0.122000 0.135542
2 0.225000 0.750000 0.130000 0.138554
2 0.210000 0.829819 0.144000 0.177711
2 0.243000 0.888554 0.150000 0.204819
2 0.931000 0.590361 0.106000 0.168675
