4 0.150628 0.775610 0.080893 0.331707
4 0.333333 0.824390 0.111576 0.351220
4 0.210600 0.630488 0.036262 0.168293
2 0.931660 0.726829 0.136681 0.351220
2 0.884240 0.731707 0.150628 0.263415
2 0.862622 0.690244 0.160391 0.297561
2 0.774059 0.679268 0.119944 0.207317
2 0.744770 0.667073 0.097629 0.207317
2 0.711297 0.642683 0.086471 0.178049
2 0.667364 0.629268 0.082287 0.156098
2 0.656206 0.613415 0.099024 0.158537
2 0.609484 0.596341 0.083682 0.134146
2 0.423989 0.552439 0.072524 0.119512
2 0.054393 0.804878 0.105997 0.317073
2 0.059275 0.739024 0.115760 0.248780
3 0.333333 0.884146 0.114365 0.231707
