2 0.024211 0.928433 0.046316 0.058027
2 0.015789 0.903288 0.029474 0.042553
1 0.057368 0.888781 0.074737 0.106383
1 0.130526 0.891683 0.040000 0.058027
2 0.165263 0.909091 0.052632 0.058027
2 0.180526 0.909091 0.034737 0.050290
2 0.260000 0.929400 0.052632 0.067698
2 0.242105 0.907157 0.037895 0.046422
2 0.241579 0.889749 0.024211 0.034816
2 0.268947 0.885880 0.030526 0.054159
2 0.297895 0.887814 0.027368 0.034816
2 0.286842 0.874275 0.015789 0.038685
1 0.298421 0.860735 0.043158 0.050290
2 0.388947 0.881044 0.020000 0.032882
2 0.335789 0.883946 0.027368 0.034816
2 0.366316 0.908124 0.035789 0.059961
2 0.402632 0.905222 0.034737 0.054159
2 0.426316 0.886847 0.025263 0.036750
2 0.402632 0.882012 0.022105 0.034816
2 0.380526 0.937137 0.062105 0.090909
2 0.450000 0.946809 0.078947 0.106383
2 0.444211 0.902321 0.035789 0.044487
2 0.487895 0.911992 0.038947 0.063830
2 0.514211 0.897485 0.036842 0.061896
2 0.468947 0.881044 0.030526 0.048356
2 0.451053 0.863636 0.017895 0.032882
2 0.433684 0.860735 0.012632 0.027079
2 0.490000 0.866538 0.015789 0.027079
2 0.503684 0.853965 0.011579 0.025145
2 0.518947 0.868472 0.029474 0.038685
1 0.541579 0.852031 0.026316 0.063830
1 0.552632 0.863636 0.033684 0.083172
1 0.642632 0.853965 0.186316 0.292070
4 0.754211 0.924565 0.026316 0.088975
4 0.764737 0.935203 0.015789 0.075435
4 0.824211 0.930368 0.023158 0.088975
4 0.835789 0.944874 0.029474 0.110251
4 0.867368 0.941973 0.023158 0.116054
