2 0.552439 0.534000 0.031707 0.044000
2 0.595122 0.538000 0.034146 0.060000
2 0.569512 0.568000 0.036585 0.056000
2 0.648780 0.556000 0.024390 0.040000
2 0.662195 0.574000 0.031707 0.052000
2 0.553659 0.618000 0.048780 0.068000
2 0.597561 0.670000 0.058537 0.084000
2 0.684146 0.684000 0.065854 0.088000
2 0.767073 0.702000 0.060976 0.076000
2 0.717073 0.730000 0.068293 0.108000
4 0.936585 0.676000 0.024390 0.096000
4 0.962195 0.686000 0.026829 0.100000
2 0.470732 0.610000 0.039024 0.060000
2 0.465854 0.660000 0.058537 0.072000
2 0.425610 0.584000 0.041463 0.048000
2 0.414634 0.642000 0.048780 0.068000
2 0.446341 0.730000 0.058537 0.092000
1 0.335366 0.568000 0.095122 0.128000
2 0.402439 0.560000 0.024390 0.040000
2 0.287805 0.662000 0.048780 0.076000
4 0.268293 0.590000 0.019512 0.052000
4 0.247561 0.604000 0.017073 0.056000
4 0.202439 0.642000 0.024390 0.060000
3 0.202439 0.662000 0.024390 0.052000
4 0.157317 0.658000 0.021951 0.060000
3 0.159756 0.678000 0.021951 0.060000
4 0.129268 0.660000 0.024390 0.056000
4 0.134146 0.690000 0.024390 0.052000
3 0.134146 0.716000 0.024390 0.056000
4 0.132927 0.760000 0.026829 0.072000
3 0.134146 0.782000 0.024390 0.068000
4 0.080488 0.672000 0.024390 0.072000
4 0.058537 0.688000 0.024390 0.072000
3 0.078049 0.686000 0.024390 0.060000
3 0.054878 0.710000 0.017073 0.060000
4 0.092683 0.820000 0.039024 0.096000
3 0.091463 0.856000 0.036585 0.080000
4 0.053659 0.828000 0.034146 0.104000
3 0.053659 0.854000 0.039024 0.092000
4 0.023171 0.882000 0.036585 0.116000
3 0.020732 0.920000 0.036585 0.112000
2 0.818293 0.746000 0.090244 0.148000
2 0.714634 0.808000 0.092683 0.128000
2 0.587805 0.726000 0.073171 0.100000
2 0.603659 0.884000 0.104878 0.152000
2 0.363415 0.658000 0.058537 0.108000
2 0.315854 0.716000 0.060976 0.088000
2 0.419512 0.886000 0.112195 0.212000
2 0.204878 0.792000 0.097561 0.144000
2 0.082927 0.940000 0.126829 0.120000
2 0.171951 0.944000 0.119512 0.104000
