2 0.622000 0.422414 0.044000 0.040230
2 0.679000 0.462644 0.046000 0.051724
2 0.637000 0.502874 0.046000 0.051724
2 0.694000 0.541667 0.052000 0.060345
2 0.569000 0.494253 0.050000 0.034483
2 0.560000 0.514368 0.044000 0.040230
2 0.567000 0.568966 0.050000 0.051724
2 0.963000 0.660920 0.074000 0.091954
2 0.887000 0.563218 0.042000 0.051724
2 0.578000 0.645115 0.064000 0.066092
2 0.794000 0.645115 0.076000 0.060345
2 0.421000 0.535920 0.050000 0.048851
2 0.423000 0.581897 0.054000 0.054598
2 0.405000 0.606322 0.062000 0.051724
2 0.405000 0.647989 0.066000 0.066092
2 0.400000 0.712644 0.076000 0.080460
2 0.389000 0.755747 0.078000 0.097701
2 0.374000 0.790230 0.084000 0.091954
2 0.355000 0.841954 0.082000 0.103448
2 0.328000 0.533046 0.052000 0.071839
2 0.334000 0.573276 0.056000 0.066092
2 0.315000 0.616379 0.074000 0.066092
2 0.299000 0.695402 0.066000 0.074713
2 0.261000 0.676724 0.062000 0.077586
2 0.244000 0.744253 0.076000 0.080460
2 0.262000 0.788793 0.092000 0.094828
2 0.218000 0.850575 0.092000 0.120690
1 0.237000 0.563218 0.082000 0.143678
2 0.194000 0.650862 0.060000 0.077586
2 0.138000 0.729885 0.076000 0.080460
2 0.140000 0.774425 0.076000 0.089080
1 0.058000 0.827586 0.112000 0.241379
1 0.159000 0.928161 0.146000 0.143678
2 0.344000 0.912356 0.100000 0.135057
2 0.698000 0.646552 0.060000 0.068966
2 0.672000 0.849138 0.128000 0.192529
1 0.797000 0.784483 0.150000 0.247126
2 0.963000 0.873563 0.074000 0.132184
