2 0.674167 0.420000 0.035000 0.045000
2 0.635000 0.432500 0.036667 0.060000
2 0.615833 0.406250 0.028333 0.037500
2 0.573333 0.438750 0.036667 0.047500
2 0.571667 0.412500 0.030000 0.030000
2 0.424167 0.438750 0.035000 0.047500
2 0.486667 0.450000 0.036667 0.060000
2 0.491667 0.411250 0.026667 0.037500
2 0.432500 0.376250 0.025000 0.027500
2 0.473333 0.370000 0.023333 0.030000
2 0.566667 0.385000 0.023333 0.025000
2 0.642500 0.470000 0.038333 0.045000
2 0.600000 0.486250 0.043333 0.057500
2 0.674167 0.513750 0.051667 0.062500
2 0.581667 0.558750 0.056667 0.087500
2 0.683333 0.598750 0.063333 0.082500
2 0.776667 0.561250 0.063333 0.077500
2 0.605833 0.658750 0.071667 0.107500
2 0.753333 0.715000 0.093333 0.115000
2 0.909167 0.725000 0.111667 0.155000
2 0.805833 0.861250 0.118333 0.197500
2 0.651667 0.917500 0.133333 0.165000
2 0.437500 0.570000 0.058333 0.100000
2 0.342500 0.483750 0.048333 0.062500
2 0.177500 0.875000 0.168333 0.250000
2 0.332500 0.923750 0.141667 0.152500
4 0.107500 0.530000 0.025000 0.070000
2 0.030000 0.906250 0.056667 0.167500
2 0.976667 0.952500 0.046667 0.095000
