2 0.020833 0.707711 0.037281 0.037313
4 0.108553 0.730100 0.032895 0.052239
4 0.219298 0.723881 0.021930 0.049751
4 0.257675 0.721393 0.019737 0.039801
4 0.281798 0.691542 0.006579 0.024876
2 0.314693 0.685323 0.028509 0.032338
2 0.351974 0.717662 0.028509 0.042289
2 0.362939 0.702736 0.028509 0.032338
2 0.357456 0.672886 0.021930 0.017413
2 0.389254 0.687811 0.032895 0.022388
2 0.405702 0.682836 0.021930 0.022388
2 0.425439 0.710199 0.039474 0.042289
2 0.379386 0.746269 0.087719 0.074627
2 0.145833 0.745025 0.103070 0.101990
4 0.547149 0.702736 0.010965 0.022388
4 0.558114 0.701493 0.010965 0.024876
4 0.570175 0.702736 0.013158 0.027363
4 0.644737 0.722637 0.017544 0.042289
4 0.680921 0.721393 0.019737 0.044776
4 0.732456 0.725124 0.021930 0.062189
2 0.837719 0.694030 0.070175 0.044776
2 0.898026 0.695274 0.094298 0.047264
0 0.732456 0.740050 0.021930 0.047264
