2 0.351583 0.943918 0.030343 0.026856
2 0.490765 0.941548 0.034301 0.034755
2 0.531662 0.939968 0.031662 0.025276
2 0.529024 0.926540 0.021108 0.017378
2 0.542876 0.931280 0.017150 0.014218
1 0.581135 0.934439 0.072559 0.090047
2 0.542216 0.912322 0.013193 0.014218
2 0.655013 0.940758 0.027704 0.026856
2 0.674142 0.936809 0.023747 0.031596
2 0.668865 0.921801 0.018470 0.020537
2 0.699868 0.935229 0.022427 0.018957
1 0.704485 0.924961 0.036939 0.039494
2 0.735488 0.936019 0.017150 0.020537
1 0.777704 0.927330 0.075198 0.075829
1 0.864116 0.936809 0.113456 0.113744
2 0.775726 0.966035 0.073879 0.058452
