2 0.116162 0.942000 0.185185 0.116000
2 0.240741 0.946000 0.164983 0.108000
2 0.282828 0.798000 0.127946 0.132000
2 0.434343 0.718000 0.087542 0.100000
2 0.400673 0.672000 0.074074 0.072000
2 0.503367 0.676000 0.084175 0.080000
2 0.505051 0.648000 0.074074 0.080000
2 0.569024 0.646000 0.060606 0.068000
2 0.638047 0.662000 0.084175 0.084000
2 0.614478 0.730000 0.084175 0.108000
2 0.575758 0.888000 0.154882 0.216000
2 0.762626 0.620000 0.063973 0.064000
2 0.823232 0.670000 0.084175 0.084000
2 0.813131 0.736000 0.104377 0.088000
2 0.942761 0.690000 0.087542 0.084000
2 0.969697 0.726000 0.060606 0.076000
2 0.961279 0.814000 0.077441 0.108000
2 0.829966 0.882000 0.138047 0.140000
2 0.912458 0.586000 0.053872 0.044000
2 0.898990 0.560000 0.040404 0.048000
2 0.784512 0.574000 0.047138 0.044000
2 0.765993 0.538000 0.043771 0.044000
2 0.821549 0.538000 0.040404 0.052000
2 0.649832 0.610000 0.060606 0.060000
2 0.587542 0.580000 0.057239 0.056000
2 0.638047 0.572000 0.043771 0.048000
1 0.447811 0.584000 0.094276 0.112000
3 0.072391 0.858000 0.050505 0.100000
3 0.129630 0.850000 0.057239 0.100000
3 0.178451 0.786000 0.040404 0.076000
3 0.183502 0.726000 0.037037 0.076000
4 0.075758 0.830000 0.050505 0.100000
4 0.131313 0.832000 0.060606 0.112000
4 0.180135 0.770000 0.037037 0.084000
4 0.181818 0.710000 0.033670 0.076000
4 0.217172 0.658000 0.030303 0.060000
4 0.082492 0.698000 0.043771 0.076000
4 0.112795 0.672000 0.037037 0.072000
