4 0.025862 0.805621 0.047414 0.117096
3 0.034483 0.820843 0.064655 0.086651
2 0.118534 0.779859 0.086207 0.065574
1 0.115302 0.747073 0.036638 0.056206
2 0.162716 0.769321 0.045259 0.058548
2 0.189655 0.775176 0.047414 0.046838
2 0.207974 0.778689 0.040948 0.049180
2 0.240302 0.774005 0.062500 0.067916
2 0.288793 0.772834 0.077586 0.084309
2 0.322198 0.789227 0.071121 0.070258
2 0.379310 0.791569 0.116379 0.103044
2 0.485991 0.805621 0.183190 0.117096
2 0.400862 0.774005 0.086207 0.091335
2 0.510776 0.761124 0.090517 0.074941
2 0.627155 0.797424 0.159483 0.100703
2 0.705819 0.774005 0.144397 0.086651
2 0.787716 0.829040 0.321121 0.210773
2 0.952586 0.810304 0.094828 0.196721
2 0.879310 0.748244 0.064655 0.053864
4 0.863147 0.749415 0.023707 0.042155
2 0.936422 0.750585 0.053879 0.030445
