2 0.900000 0.823088 0.120000 0.116942
2 0.871579 0.823838 0.094737 0.112444
2 0.788947 0.811094 0.074737 0.098951
2 0.764211 0.809595 0.065263 0.089955
2 0.740000 0.797601 0.067368 0.095952
2 0.724211 0.799100 0.067368 0.086957
2 0.689474 0.775112 0.048421 0.059970
2 0.680000 0.772114 0.048421 0.071964
2 0.646842 0.772114 0.045263 0.056972
2 0.581579 0.771364 0.049474 0.058471
2 0.592632 0.769865 0.046316 0.055472
2 0.579474 0.742879 0.032632 0.034483
2 0.574737 0.717391 0.029474 0.031484
2 0.568421 0.710645 0.025263 0.029985
2 0.569474 0.698651 0.031579 0.032984
2 0.564737 0.689655 0.026316 0.032984
4 0.592105 0.679910 0.009474 0.031484
0 0.592105 0.688156 0.009474 0.020990
2 0.557895 0.665667 0.025263 0.023988
2 0.515263 0.669415 0.015789 0.016492
2 0.511053 0.656672 0.013684 0.014993
2 0.424737 0.767616 0.047368 0.056972
2 0.321579 0.766117 0.055789 0.059970
2 0.132632 0.798351 0.075789 0.082459
2 0.160526 0.797601 0.078947 0.080960
2 0.187895 0.790855 0.060000 0.076462
2 0.231579 0.756372 0.065263 0.076462
1 0.326842 0.732384 0.175789 0.103448
2 0.354211 0.685907 0.030526 0.031484
2 0.362105 0.657421 0.027368 0.031484
