2 0.508421 0.302652 0.044211 0.068643
1 0.567895 0.284711 0.076842 0.117005
2 0.554737 0.332293 0.069474 0.090484
2 0.514211 0.389236 0.083158 0.110764
1 0.407895 0.371295 0.161053 0.327613
4 0.627895 0.339314 0.022105 0.051482
4 0.624737 0.395476 0.034737 0.082683
4 0.577895 0.388456 0.033684 0.065523
4 0.553158 0.391576 0.036842 0.074883
4 0.552105 0.439158 0.045263 0.117005
2 0.602632 0.519501 0.158947 0.252730
2 0.361579 0.531201 0.165263 0.191888
4 0.468421 0.504680 0.052632 0.166927
3 0.469474 0.541342 0.056842 0.134165
4 0.435263 0.742590 0.110526 0.321373
3 0.435789 0.818253 0.130526 0.269891
4 0.542105 0.690328 0.080000 0.260530
3 0.537368 0.753510 0.087368 0.246490
4 0.564737 0.658346 0.072632 0.265211
3 0.557895 0.695788 0.098947 0.196568
4 0.713158 0.648986 0.076842 0.246490
4 0.716842 0.622465 0.069474 0.196568
3 0.715789 0.689548 0.098947 0.193448
4 0.748421 0.711388 0.092632 0.280811
4 0.745263 0.689548 0.094737 0.258970
3 0.749474 0.781591 0.098947 0.215289
