4 0.466250 0.703889 0.077500 0.263333
4 0.417500 0.706667 0.061667 0.273333
4 0.345417 0.692778 0.087500 0.294444
4 0.295417 0.690000 0.069167 0.313333
4 0.322917 0.690556 0.059167 0.241111
4 0.249583 0.698333 0.052500 0.241111
4 0.174167 0.693333 0.068333 0.271111
4 0.216667 0.668889 0.040000 0.144444
4 0.366250 0.707778 0.049167 0.157778
4 0.267917 0.719444 0.084167 0.307778
4 0.207083 0.744444 0.094167 0.262222
4 0.151667 0.686667 0.031667 0.122222
4 0.123333 0.737222 0.088333 0.281111
4 0.060417 0.694444 0.085833 0.353333
4 0.029583 0.680556 0.057500 0.261111
4 0.112917 0.695000 0.077500 0.307778
1 0.361250 0.662778 0.154167 0.145556
2 0.565833 0.691667 0.128333 0.110000
4 0.630417 0.672778 0.017500 0.061111
4 0.648750 0.672778 0.014167 0.050000
4 0.642917 0.662778 0.009167 0.030000
4 0.675000 0.680556 0.013333 0.041111
4 0.671250 0.675000 0.010833 0.038889
4 0.662500 0.675556 0.013333 0.035556
4 0.692917 0.682222 0.014167 0.055556
4 0.687917 0.667222 0.010833 0.038889
4 0.702083 0.665000 0.010833 0.038889
4 0.713750 0.685556 0.010833 0.048889
4 0.713750 0.678333 0.010833 0.043333
4 0.722917 0.685556 0.015833 0.051111
4 0.731667 0.672222 0.010000 0.035556
4 0.722500 0.671667 0.010000 0.036667
4 0.747917 0.678889 0.014167 0.044444
4 0.754583 0.684444 0.012500 0.046667
4 0.755833 0.673889 0.011667 0.041111
4 0.747917 0.672222 0.012500 0.037778
4 0.767083 0.685556 0.017500 0.044444
4 0.706250 0.686667 0.014167 0.055556
4 0.737500 0.687222 0.015000 0.047778
4 0.943333 0.695000 0.015000 0.056667
2 0.971667 0.710000 0.056667 0.091111
2 0.850000 0.749444 0.230000 0.205556
