4 0.137435 0.626728 0.099476 0.382488
4 0.318063 0.753456 0.133508 0.225806
4 0.472513 0.786866 0.078534 0.269585
4 0.539921 0.841014 0.066754 0.184332
4 0.556283 0.790323 0.052356 0.188940
4 0.580497 0.802995 0.053665 0.177419
4 0.596859 0.842166 0.068063 0.200461
4 0.675393 0.829493 0.060209 0.184332
4 0.652487 0.801843 0.056283 0.175115
4 0.748037 0.836406 0.056283 0.165899
4 0.734293 0.828341 0.057592 0.177419
4 0.785340 0.800691 0.052356 0.158986
4 0.683246 0.421659 0.075916 0.465438
4 0.701571 0.425115 0.075916 0.417051
4 0.801047 0.475806 0.096859 0.370968
4 0.958115 0.453917 0.083770 0.433180
4 0.380236 0.362903 0.045812 0.168203
4 0.422120 0.366359 0.032723 0.165899
4 0.433901 0.359447 0.035340 0.170507
4 0.409686 0.361751 0.028796 0.165899
4 0.471204 0.367512 0.026178 0.149770
4 0.466623 0.359447 0.030105 0.161290
4 0.488874 0.367512 0.022251 0.154378
4 0.501963 0.359447 0.030105 0.179724
4 0.524869 0.360599 0.028796 0.163594
4 0.530759 0.353687 0.024869 0.163594
4 0.524215 0.447005 0.032723 0.142857
4 0.549084 0.473502 0.030105 0.099078
4 0.315445 0.474654 0.044503 0.087558
