2 0.574219 0.837891 0.160938 0.183594
2 0.498437 0.865234 0.143750 0.136719
2 0.205469 0.875000 0.085938 0.109375
2 0.157031 0.855469 0.054688 0.085938
2 0.051562 0.863281 0.056250 0.078125
2 0.106250 0.855469 0.053125 0.093750
4 0.400000 0.917969 0.031250 0.164062
4 0.400781 0.890625 0.039062 0.218750
4 0.372656 0.896484 0.035937 0.207031
4 0.340625 0.900391 0.037500 0.199219
4 0.305469 0.912109 0.029687 0.175781
4 0.281250 0.904297 0.031250 0.191406
4 0.295312 0.880859 0.034375 0.238281
4 0.243750 0.880859 0.025000 0.160156
4 0.268750 0.896484 0.028125 0.191406
4 0.700000 0.828125 0.015625 0.109375
4 0.671094 0.824219 0.014063 0.109375
2 0.754687 0.812500 0.062500 0.078125
