2 0.248182 0.680822 0.045455 0.063014
4 0.233636 0.680822 0.020000 0.052055
3 0.233636 0.695890 0.020000 0.043836
4 0.259091 0.687671 0.027273 0.071233
3 0.259091 0.708219 0.023636 0.052055
2 0.345455 0.684932 0.054545 0.076712
2 0.366364 0.689041 0.045455 0.073973
2 0.402727 0.697260 0.060000 0.106849
2 0.445455 0.719178 0.076364 0.128767
2 0.569091 0.716438 0.101818 0.139726
4 0.581818 0.738356 0.047273 0.123288
3 0.582727 0.757534 0.052727 0.128767
2 0.313636 0.735616 0.118182 0.150685
2 0.491818 0.739726 0.143636 0.180822
4 0.690909 0.743836 0.043636 0.134247
3 0.690909 0.773973 0.050909 0.112329
2 0.801818 0.772603 0.196364 0.219178
