4 0.329256 0.743827 0.124363 0.456790
3 0.062691 0.740741 0.123344 0.314815
1 0.160041 0.516975 0.287462 0.185185
2 0.413863 0.516975 0.097859 0.117284
3 0.967380 0.594136 0.065240 0.120370
4 0.801733 0.601080 0.078491 0.189815
3 0.799694 0.652778 0.088685 0.191358
4 0.718145 0.550926 0.043833 0.138889
3 0.720183 0.577160 0.051988 0.126543
3 0.598879 0.581019 0.047910 0.115741
4 0.592762 0.542438 0.041794 0.143519
2 0.598369 0.497685 0.083588 0.112654
2 0.516820 0.478395 0.053007 0.086420
2 0.451580 0.486111 0.059123 0.077160
2 0.472987 0.463735 0.046891 0.069444
