4 0.043597 0.753756 0.016349 0.058431
4 0.116485 0.727880 0.014986 0.050083
4 0.136240 0.730384 0.013624 0.055092
2 0.196185 0.809683 0.138965 0.136895
2 0.111035 0.834725 0.178474 0.153589
2 0.271117 0.802170 0.084469 0.121870
2 0.361035 0.804674 0.245232 0.126878
2 0.345368 0.768781 0.096730 0.101836
2 0.418937 0.775459 0.061308 0.085142
2 0.438692 0.755426 0.092643 0.101836
2 0.536104 0.760434 0.096730 0.125209
2 0.526567 0.795492 0.104905 0.111853
2 0.629428 0.761269 0.089918 0.103506
2 0.613760 0.818030 0.181199 0.190317
0 0.771798 0.772955 0.028610 0.053422
3 0.797003 0.763773 0.057221 0.055092
3 0.842643 0.775459 0.025886 0.055092
3 0.878747 0.777129 0.027248 0.055092
4 0.771117 0.753756 0.024523 0.068447
4 0.796322 0.747078 0.028610 0.055092
4 0.842643 0.757930 0.025886 0.060100
4 0.878065 0.767947 0.028610 0.073456
4 0.897820 0.797997 0.027248 0.123539
2 0.763624 0.752087 0.034060 0.041736
