4 0.494000 0.708772 0.148000 0.582456
2 0.125000 0.914035 0.246000 0.171930
2 0.483000 0.812281 0.962000 0.375439
2 0.301000 0.787719 0.598000 0.424561
2 0.062000 0.638596 0.120000 0.301754
4 0.041000 0.677193 0.054000 0.287719
4 0.121000 0.668421 0.050000 0.291228
4 0.575000 0.708772 0.038000 0.259649
4 0.601000 0.691228 0.054000 0.301754
2 0.652000 0.722807 0.132000 0.238596
2 0.763000 0.743860 0.162000 0.238596
2 0.826000 0.717544 0.184000 0.249123
2 0.943000 0.728070 0.114000 0.228070
2 0.960000 0.635088 0.080000 0.343860
4 0.853000 0.750877 0.050000 0.322807
4 0.975000 0.777193 0.050000 0.375439
