4 0.264133 0.754630 0.142300 0.476852
4 0.299220 0.760417 0.115010 0.469907
4 0.464912 0.758102 0.111111 0.474537
4 0.576023 0.744213 0.107212 0.405093
4 0.611111 0.758102 0.122807 0.432870
4 0.777778 0.755787 0.128655 0.446759
4 0.884016 0.625000 0.037037 0.143519
4 0.835283 0.603009 0.025341 0.081019
4 0.805068 0.613426 0.031189 0.106481
4 0.814815 0.593750 0.019493 0.067130
4 0.728070 0.598380 0.021442 0.076389
4 0.660819 0.587963 0.015595 0.055556
4 0.641326 0.592593 0.019493 0.050926
4 0.507797 0.584491 0.013645 0.048611
4 0.202729 0.600694 0.015595 0.067130
1 0.934698 0.570602 0.130604 0.104167
