4 0.013571 0.677820 0.024286 0.097514
3 0.014286 0.695029 0.025714 0.078394
2 0.080714 0.688337 0.090000 0.072658
2 0.312857 0.683556 0.151429 0.108987
2 0.380714 0.682600 0.084286 0.080306
2 0.505714 0.678776 0.117143 0.080306
2 0.647857 0.678776 0.098571 0.080306
2 0.720714 0.673040 0.175714 0.217973
2 0.888571 0.671128 0.151429 0.087954
4 0.816429 0.677820 0.052857 0.131931
3 0.812857 0.689293 0.040000 0.105163
4 0.962857 0.647228 0.048571 0.131931
4 0.978571 0.659656 0.042857 0.133843
3 0.979286 0.717973 0.041429 0.170172
2 0.429286 0.677820 0.070000 0.082218
