2 0.133333 0.906511 0.141497 0.150250
2 0.387755 0.786311 0.119728 0.120200
2 0.248299 0.564274 0.077551 0.080134
2 0.495238 0.565943 0.076190 0.073456
2 0.410884 0.521703 0.068027 0.061770
2 0.418367 0.482471 0.055782 0.056761
2 0.456463 0.441569 0.055782 0.065109
1 0.538095 0.467446 0.069388 0.083472
2 0.559864 0.393155 0.036735 0.038397
2 0.574830 0.378965 0.034014 0.043406
2 0.523129 0.359766 0.023129 0.028381
1 0.673469 0.313856 0.027211 0.040067
1 0.684354 0.359766 0.032653 0.055092
1 0.710204 0.312187 0.024490 0.046745
2 0.727891 0.340568 0.027211 0.026711
2 0.735374 0.362270 0.028571 0.026711
2 0.763946 0.396494 0.034014 0.045075
2 0.712925 0.439065 0.046259 0.046745
2 0.727891 0.467446 0.051701 0.050083
2 0.839456 0.531720 0.070748 0.085142
2 0.751701 0.591820 0.072109 0.101836
2 0.897959 0.585977 0.062585 0.073456
2 0.923810 0.674457 0.100680 0.096828
2 0.024490 0.540902 0.046259 0.083472
2 0.085034 0.520868 0.063946 0.080134
