4 0.482812 0.522059 0.037500 0.102941
0 0.482031 0.544118 0.032813 0.088235
4 0.363281 0.515931 0.029687 0.100490
0 0.364063 0.547794 0.028125 0.085784
0 0.386719 0.561275 0.029687 0.112745
4 0.234375 0.512255 0.031250 0.137255
4 0.209375 0.507353 0.040625 0.196078
4 0.317969 0.524510 0.020313 0.068627
3 0.317188 0.542892 0.021875 0.056373
2 0.536719 0.526961 0.089063 0.107843
2 0.625000 0.525735 0.075000 0.085784
2 0.960156 0.523284 0.079687 0.115196
2 0.866406 0.544118 0.192188 0.191176
4 0.717187 0.545343 0.143750 0.453431
0 0.720313 0.666667 0.137500 0.362745
4 0.410156 0.519608 0.064062 0.210784
0 0.410156 0.573529 0.064062 0.171569
