4 0.028846 0.825212 0.019231 0.065678
4 0.045858 0.819915 0.017751 0.050847
4 0.094675 0.812500 0.011834 0.036017
4 0.199704 0.842161 0.035503 0.116525
1 0.255917 0.800847 0.091716 0.105932
2 0.324704 0.812500 0.031065 0.027542
2 0.367604 0.815678 0.036982 0.033898
2 0.397189 0.818856 0.028107 0.031780
2 0.446006 0.835805 0.087278 0.078390
2 0.728550 0.834746 0.078402 0.067797
2 0.756657 0.841102 0.119822 0.076271
2 0.910503 0.871822 0.178994 0.192797
0 0.028846 0.837924 0.019231 0.048729
3 0.045858 0.829449 0.014793 0.040254
2 0.582101 0.826271 0.069527 0.050847
