2 0.145652 0.854167 0.076812 0.074074
2 0.058696 0.835648 0.021739 0.023148
2 0.079710 0.833333 0.011594 0.023148
2 0.094928 0.834491 0.027536 0.030093
2 0.234783 0.841435 0.052174 0.043981
2 0.265942 0.837963 0.039130 0.037037
1 0.302899 0.819444 0.084058 0.074074
2 0.447101 0.840278 0.056522 0.064815
2 0.471014 0.846065 0.084058 0.076389
2 0.550000 0.862269 0.128986 0.090278
2 0.749275 0.843750 0.104348 0.076389
2 0.854348 0.913194 0.291304 0.173611
2 0.894928 0.866898 0.210145 0.145833
2 0.973188 0.855324 0.053623 0.090278
