2 0.540000 0.418440 0.060000 0.063830
4 0.581250 0.425532 0.022500 0.056738
3 0.582500 0.439716 0.025000 0.049645
4 0.615000 0.434397 0.025000 0.088652
4 0.666250 0.457447 0.022500 0.063830
4 0.663750 0.508865 0.027500 0.074468
0 0.665000 0.524823 0.025000 0.070922
4 0.690000 0.583333 0.025000 0.074468
4 0.746250 0.601064 0.027500 0.117021
4 0.687500 0.638298 0.030000 0.099291
0 0.688750 0.652482 0.027500 0.085106
4 0.830000 0.703901 0.040000 0.102837
3 0.827500 0.721631 0.035000 0.095745
4 0.863750 0.790780 0.042500 0.163121
4 0.680000 0.913121 0.050000 0.145390
3 0.683750 0.943262 0.047500 0.113475
4 0.268750 0.728723 0.037500 0.109929
0 0.267500 0.753546 0.030000 0.095745
4 0.183750 0.913121 0.042500 0.117021
3 0.183750 0.934397 0.047500 0.117021
4 0.393750 0.475177 0.027500 0.078014
4 0.326250 0.560284 0.022500 0.099291
4 0.295000 0.578014 0.040000 0.106383
4 0.350000 0.476950 0.025000 0.088652
4 0.337500 0.436170 0.020000 0.070922
4 0.361250 0.370567 0.017500 0.053191
4 0.321250 0.368794 0.017500 0.063830
2 0.546250 0.361702 0.037500 0.042553
2 0.512500 0.356383 0.040000 0.074468
2 0.526250 0.489362 0.057500 0.070922
2 0.390000 0.393617 0.045000 0.056738
2 0.418750 0.361702 0.042500 0.049645
2 0.435000 0.391844 0.050000 0.060284
2 0.431250 0.430851 0.057500 0.074468
2 0.465000 0.597518 0.080000 0.095745
2 0.221250 0.643617 0.082500 0.095745
2 0.368750 0.604610 0.087500 0.166667
2 0.562500 0.618794 0.080000 0.102837
2 0.615000 0.730496 0.085000 0.113475
2 0.401250 0.769504 0.097500 0.134752
2 0.187500 0.753546 0.100000 0.124113
2 0.398750 0.918440 0.122500 0.163121
2 0.958750 0.625887 0.082500 0.117021
2 0.291250 0.459220 0.057500 0.074468
2 0.287500 0.514184 0.060000 0.070922
2 0.456250 0.505319 0.062500 0.088652
