4 0.012500 0.701923 0.021667 0.129121
4 0.098333 0.700549 0.016667 0.098901
4 0.140000 0.689560 0.016667 0.071429
4 0.151667 0.699176 0.013333 0.063187
4 0.165000 0.703297 0.020000 0.065934
4 0.381667 0.682692 0.043333 0.129121
3 0.378333 0.725275 0.043333 0.126374
3 0.348333 0.726648 0.030000 0.074176
2 0.258333 0.700549 0.080000 0.087912
2 0.299167 0.700549 0.138333 0.109890
4 0.518333 0.685440 0.010000 0.035714
4 0.669167 0.681319 0.008333 0.043956
4 0.790833 0.690934 0.038333 0.156593
1 0.858333 0.660714 0.066667 0.079670
2 0.895833 0.703297 0.058333 0.065934
