4 0.290323 0.583000 0.041475 0.090000
4 0.321429 0.559000 0.020737 0.038000
4 0.346774 0.566000 0.020737 0.044000
4 0.389401 0.570000 0.027650 0.040000
0 0.288018 0.605000 0.046083 0.066000
3 0.389401 0.583000 0.027650 0.042000
2 0.488479 0.569000 0.064516 0.046000
2 0.688940 0.596000 0.129032 0.072000
1 0.498848 0.548000 0.057604 0.040000
1 0.577189 0.556000 0.094470 0.056000
1 0.369816 0.540000 0.029954 0.024000
1 0.934332 0.569000 0.131336 0.126000
2 0.790323 0.590000 0.078341 0.044000
2 0.634793 0.557000 0.025346 0.014000
2 0.748848 0.556000 0.032258 0.024000
