2 0.447778 0.640000 0.042222 0.060000
2 0.462778 0.641667 0.043333 0.080000
2 0.511667 0.627500 0.047778 0.085000
4 0.540556 0.647500 0.023333 0.061667
3 0.540556 0.655833 0.021111 0.055000
4 0.567222 0.650000 0.021111 0.070000
3 0.566667 0.664167 0.020000 0.058333
4 0.376667 0.645833 0.015556 0.051667
3 0.374444 0.652500 0.022222 0.045000
1 0.369444 0.620000 0.092222 0.106667
4 0.341667 0.646667 0.025556 0.070000
3 0.342222 0.662500 0.026667 0.061667
4 0.318333 0.655833 0.034444 0.098333
4 0.303333 0.641667 0.024444 0.073333
4 0.273333 0.645833 0.031111 0.071667
4 0.227778 0.653333 0.028889 0.086667
3 0.227222 0.675000 0.030000 0.073333
4 0.602222 0.768333 0.088889 0.373333
0 0.601111 0.845000 0.095556 0.280000
