4 0.773292 0.836250 0.167702 0.327500
4 0.614907 0.826250 0.093168 0.312500
4 0.445652 0.843750 0.083851 0.292500
4 0.316770 0.831250 0.086957 0.237500
4 0.246894 0.820000 0.090062 0.220000
4 0.877329 0.786250 0.040373 0.132500
4 0.683230 0.777500 0.055901 0.125000
4 0.686335 0.771250 0.055901 0.137500
4 0.513975 0.838750 0.071429 0.247500
4 0.549689 0.823750 0.062112 0.217500
4 0.416149 0.785000 0.055901 0.170000
4 0.366460 0.795000 0.062112 0.165000
4 0.169255 0.778750 0.065217 0.117500
4 0.057453 0.777500 0.090062 0.160000
4 0.029503 0.768750 0.052795 0.122500
3 0.173913 0.805000 0.068323 0.095000
3 0.057453 0.817500 0.090062 0.130000
