2 0.111905 0.748352 0.221429 0.472527
2 0.224405 0.723077 0.267857 0.435165
2 0.339881 0.637363 0.246429 0.448352
2 0.435714 0.648352 0.209524 0.325275
2 0.516071 0.562637 0.146429 0.325275
2 0.545238 0.614286 0.161905 0.292308
2 0.695238 0.556044 0.147619 0.193407
2 0.734524 0.550549 0.114286 0.182418
2 0.773810 0.519780 0.100000 0.182418
2 0.823214 0.518681 0.075000 0.131868
2 0.866071 0.507692 0.075000 0.123077
2 0.915476 0.487912 0.078571 0.118681
2 0.042262 0.527473 0.082143 0.232967
2 0.185714 0.523077 0.161905 0.210989
2 0.069048 0.501099 0.135714 0.202198
4 0.602381 0.714286 0.126190 0.439560
3 0.600000 0.834066 0.152381 0.331868
4 0.867857 0.551648 0.054762 0.219780
4 0.923810 0.506593 0.038095 0.125275
4 0.907143 0.495604 0.023810 0.116484
4 0.963690 0.490110 0.032143 0.118681
4 0.992857 0.493407 0.014286 0.112088
0 0.864286 0.594505 0.050000 0.173626
3 0.917857 0.532967 0.047619 0.134066
3 0.964881 0.520879 0.044048 0.114286
3 0.992857 0.515385 0.014286 0.090110
