2 0.015217 0.863953 0.018841 0.025581
2 0.029710 0.880233 0.044928 0.048837
2 0.064493 0.876744 0.039130 0.041860
2 0.066667 0.861628 0.040580 0.034884
2 0.153623 0.875581 0.046377 0.053488
4 0.126087 0.888372 0.017391 0.065116
3 0.128261 0.903488 0.042029 0.053488
1 0.244928 0.855814 0.133333 0.102326
2 0.306522 0.895349 0.114493 0.079070
2 0.359420 0.910465 0.144928 0.086047
1 0.676812 0.868605 0.286957 0.123256
2 0.709420 0.900000 0.128986 0.083721
2 0.742754 0.915116 0.146377 0.090698
2 0.873188 0.893023 0.047826 0.037209
2 0.921739 0.880233 0.046377 0.034884
2 0.921014 0.891860 0.056522 0.039535
2 0.965942 0.896512 0.059420 0.048837
2 0.980435 0.934884 0.039130 0.088372
