2 0.590476 0.471429 0.023810 0.028571
2 0.595833 0.443750 0.020238 0.023214
2 0.686310 0.442857 0.020238 0.025000
2 0.711905 0.441964 0.016667 0.026786
2 0.738690 0.434821 0.017857 0.026786
2 0.804762 0.411607 0.016667 0.023214
2 0.827381 0.422321 0.016667 0.023214
2 0.830952 0.448214 0.021429 0.032143
2 0.869643 0.458036 0.022619 0.030357
2 0.839881 0.494643 0.029762 0.035714
2 0.122619 0.556250 0.066667 0.048214
2 0.023810 0.575893 0.045238 0.044643
4 0.136310 0.641071 0.017857 0.057143
4 0.126786 0.643750 0.020238 0.062500
4 0.016071 0.618750 0.017857 0.055357
3 0.015476 0.632143 0.028571 0.035714
2 0.682738 0.466964 0.020238 0.030357
2 0.751190 0.475000 0.026190 0.032143
2 0.916667 0.519643 0.045238 0.042857
2 0.979167 0.590179 0.041667 0.055357
2 0.613095 0.610714 0.050000 0.064286
