4 0.977201 0.382908 0.023585 0.051936
4 0.610849 0.363078 0.033019 0.025496
4 0.578616 0.365439 0.012579 0.030217
4 0.567610 0.364967 0.012579 0.031161
3 0.606918 0.370161 0.047170 0.020774
2 0.146226 0.354108 0.053459 0.024551
2 0.209119 0.353636 0.047170 0.019830
2 0.293239 0.359773 0.067610 0.035883
1 0.293239 0.344193 0.073899 0.042493
2 0.069969 0.354108 0.092767 0.028329
2 0.410377 0.370633 0.110063 0.057602
2 0.261792 0.370161 0.102201 0.043437
2 0.481132 0.381964 0.160377 0.067044
2 0.714623 0.411709 0.312893 0.109537
3 0.904874 0.371105 0.086478 0.041549
