2 0.027027 0.733974 0.051209 0.041667
2 0.041252 0.725962 0.051209 0.038462
2 0.093172 0.718750 0.049787 0.040064
2 0.201280 0.743590 0.058321 0.041667
2 0.256046 0.733974 0.045519 0.032051
2 0.300142 0.730769 0.036984 0.032051
2 0.349929 0.862981 0.042674 0.052885
2 0.403272 0.902244 0.055477 0.057692
2 0.504267 0.883814 0.055477 0.056090
2 0.429587 0.864583 0.054054 0.049679
2 0.428165 0.838942 0.048364 0.049679
2 0.410384 0.759615 0.041252 0.038462
2 0.477952 0.758013 0.034139 0.041667
2 0.534139 0.748397 0.038407 0.035256
2 0.500711 0.742788 0.028450 0.024038
2 0.499289 0.727564 0.031294 0.028846
2 0.544097 0.716346 0.027027 0.025641
2 0.466572 0.720353 0.031294 0.027244
2 0.435277 0.733974 0.031294 0.032051
1 0.414651 0.702724 0.038407 0.056090
2 0.439545 0.707532 0.017070 0.020833
2 0.449502 0.705128 0.019915 0.025641
2 0.471550 0.709936 0.032717 0.022436
2 0.566856 0.708333 0.027027 0.022436
2 0.810100 0.929487 0.061166 0.064103
2 0.686344 0.892628 0.052632 0.051282
2 0.815078 0.802885 0.039829 0.041667
2 0.755334 0.802083 0.045519 0.040064
2 0.733286 0.790064 0.038407 0.041667
2 0.768848 0.765224 0.035562 0.036859
2 0.717639 0.758013 0.035562 0.032051
2 0.654339 0.754006 0.036984 0.036859
2 0.733286 0.716346 0.024182 0.032051
2 0.706259 0.714744 0.024182 0.022436
2 0.665718 0.706731 0.022760 0.028846
2 0.637269 0.712340 0.025605 0.030449
2 0.616643 0.705929 0.018492 0.020833
2 0.681366 0.701923 0.019915 0.022436
1 0.924609 0.955128 0.088193 0.086538
