2 0.339167 0.719677 0.045000 0.059299
2 0.370833 0.772237 0.055000 0.072776
2 0.439167 0.831536 0.055000 0.099730
2 0.417500 0.699461 0.041667 0.067385
2 0.430000 0.652291 0.033333 0.048518
2 0.486667 0.650943 0.026667 0.040431
2 0.471667 0.613208 0.023333 0.035040
2 0.430833 0.605121 0.021667 0.029650
2 0.514167 0.574124 0.018333 0.026954
2 0.480833 0.567385 0.015000 0.024259
2 0.498333 0.548518 0.013333 0.018868
2 0.522500 0.545822 0.018333 0.018868
2 0.707500 0.955526 0.091667 0.088949
2 0.853333 0.890836 0.110000 0.126685
2 0.585833 0.642857 0.028333 0.035040
2 0.636667 0.649596 0.033333 0.037736
2 0.711667 0.614555 0.033333 0.043127
2 0.616667 0.587601 0.016667 0.026954
2 0.652500 0.574124 0.018333 0.021563
2 0.580000 0.595687 0.016667 0.021563
2 0.595000 0.572776 0.016667 0.024259
2 0.563333 0.553908 0.013333 0.018868
2 0.579167 0.530997 0.015000 0.021563
2 0.560833 0.520216 0.015000 0.021563
2 0.966667 0.699461 0.056667 0.051213
2 0.950833 0.659030 0.041667 0.051213
1 0.860833 0.611860 0.048333 0.053908
2 0.232500 0.818059 0.078333 0.094340
2 0.076667 0.690027 0.046667 0.053908
