4 0.448889 0.538669 0.140000 0.922662
2 0.062778 0.682554 0.123333 0.156475
2 0.239444 0.651978 0.123333 0.199640
2 0.128889 0.646583 0.095556 0.167266
2 0.169444 0.636691 0.090000 0.165468
2 0.285556 0.644784 0.113333 0.149281
2 0.340000 0.627698 0.100000 0.143885
1 0.287222 0.570144 0.094444 0.104317
1 0.386111 0.568345 0.056667 0.093525
2 0.543333 0.593525 0.042222 0.053957
2 0.588889 0.623201 0.077778 0.102518
2 0.595000 0.604317 0.070000 0.089928
2 0.757222 0.685252 0.290000 0.280576
2 0.863333 0.638489 0.126667 0.161871
2 0.935000 0.683453 0.130000 0.194245
2 0.887222 0.616007 0.078889 0.138489
1 0.184444 0.595324 0.128889 0.226619
