2 0.657000 0.412023 0.070000 0.085044
2 0.516000 0.419355 0.068000 0.064516
2 0.424000 0.422287 0.064000 0.070381
4 0.210000 0.417889 0.020000 0.067449
4 0.027000 0.429619 0.030000 0.096774
4 0.988000 0.420821 0.024000 0.096774
4 0.778000 0.536657 0.084000 0.357771
4 0.724000 0.532258 0.156000 0.425220
0 0.744000 0.629032 0.276000 0.249267
4 0.393000 0.514663 0.098000 0.290323
4 0.314000 0.513196 0.076000 0.252199
4 0.139000 0.505865 0.066000 0.243402
4 0.101000 0.524927 0.078000 0.310850
2 0.913000 0.423754 0.154000 0.085044
