0 0.490025 0.717984 0.301746 0.564033
4 0.483791 0.585831 0.284289 0.746594
4 0.918953 0.519074 0.162095 0.656676
3 0.907731 0.697548 0.184539 0.495913
3 0.213217 0.555858 0.246883 0.441417
4 0.180798 0.474114 0.211970 0.452316
4 0.093516 0.401907 0.162095 0.389646
0 0.107232 0.510899 0.159601 0.307902
2 0.790524 0.427793 0.418953 0.343324
2 0.284289 0.346049 0.334165 0.288828
2 0.493766 0.348774 0.274314 0.207084
2 0.547382 0.295640 0.281796 0.144414
2 0.096010 0.365123 0.187032 0.277929
2 0.647132 0.271117 0.206983 0.106267
4 0.753117 0.247956 0.024938 0.098093
4 0.809227 0.246594 0.027431 0.095368
4 0.912718 0.249319 0.019950 0.073569
4 0.715711 0.275204 0.024938 0.092643
4 0.634663 0.306540 0.037406 0.133515
4 0.589776 0.294278 0.047382 0.136240
