2 0.622000 0.396084 0.032000 0.045181
2 0.582000 0.435241 0.032000 0.045181
2 0.782000 0.394578 0.024000 0.036145
2 0.905000 0.435241 0.030000 0.051205
2 0.909000 0.474398 0.034000 0.057229
2 0.942000 0.496988 0.048000 0.060241
2 0.341000 0.478916 0.050000 0.060241
2 0.456000 0.390060 0.032000 0.039157
2 0.423000 0.358434 0.026000 0.036145
2 0.470000 0.364458 0.028000 0.042169
2 0.593000 0.466867 0.046000 0.054217
2 0.686000 0.530120 0.060000 0.084337
2 0.733000 0.582831 0.058000 0.069277
2 0.614000 0.587349 0.060000 0.102410
2 0.753000 0.671687 0.090000 0.096386
2 0.373000 0.436747 0.046000 0.066265
1 0.438000 0.462349 0.056000 0.081325
2 0.403000 0.563253 0.066000 0.078313
2 0.204000 0.563253 0.068000 0.078313
2 0.318000 0.787651 0.096000 0.123494
2 0.109000 0.903614 0.118000 0.138554
