2 0.532659 0.852052 0.038880 0.053996
4 0.634526 0.858531 0.018663 0.058315
4 0.738725 0.858531 0.015552 0.053996
4 0.755832 0.872570 0.021773 0.069114
4 0.779160 0.873650 0.021773 0.066955
4 0.812597 0.876890 0.023328 0.064795
4 0.877138 0.876890 0.021773 0.077754
4 0.893468 0.882289 0.017107 0.075594
4 0.916019 0.876890 0.015552 0.064795
1 0.225505 0.856371 0.065319 0.110151
2 0.292379 0.844492 0.034215 0.043197
4 0.117418 0.894168 0.029549 0.120950
4 0.152411 0.908207 0.043546 0.131749
4 0.220062 0.908207 0.045101 0.140389
4 0.283048 0.906048 0.049767 0.149028
4 0.021773 0.901728 0.037325 0.136069
1 0.393468 0.860691 0.161742 0.239741
