2 0.059016 0.531250 0.042623 0.056250
2 0.106557 0.539062 0.049180 0.046875
2 0.249180 0.496875 0.029508 0.037500
2 0.202459 0.509375 0.027869 0.037500
2 0.342623 0.554688 0.026230 0.040625
2 0.422131 0.525000 0.031148 0.043750
1 0.392623 0.514062 0.024590 0.059375
2 0.515574 0.548438 0.024590 0.046875
2 0.598361 0.551562 0.026230 0.046875
2 0.571311 0.590625 0.027869 0.043750
2 0.622951 0.612500 0.032787 0.050000
2 0.535246 0.750000 0.044262 0.081250
2 0.420492 0.609375 0.031148 0.056250
2 0.354918 0.667188 0.034426 0.059375
2 0.418033 0.714063 0.042623 0.078125
2 0.396721 0.800000 0.045902 0.087500
2 0.313934 0.842187 0.050820 0.078125
2 0.591803 0.714063 0.039344 0.071875
2 0.669672 0.726562 0.044262 0.065625
2 0.686885 0.810937 0.055738 0.084375
2 0.662295 0.870313 0.049180 0.090625
2 0.600820 0.915625 0.057377 0.100000
2 0.721311 0.954688 0.059016 0.090625
1 0.198361 0.862500 0.104918 0.231250
