1 0.053153 0.691296 0.102703 0.103239
2 0.080180 0.736842 0.073874 0.052632
2 0.260360 0.590081 0.019820 0.018219
2 0.272072 0.588057 0.018018 0.018219
2 0.325225 0.568826 0.016216 0.016194
2 0.365766 0.553644 0.018018 0.014170
2 0.316216 0.853239 0.091892 0.127530
2 0.251351 0.803644 0.073874 0.072874
2 0.262162 0.703441 0.052252 0.046559
2 0.353153 0.672065 0.039640 0.040486
2 0.397297 0.681174 0.041441 0.038462
2 0.390991 0.632591 0.025225 0.026316
2 0.372973 0.609312 0.021622 0.024291
2 0.384685 0.588057 0.019820 0.018219
2 0.435135 0.619433 0.023423 0.024291
2 0.448649 0.586032 0.021622 0.026316
2 0.428829 0.576923 0.014414 0.012146
2 0.426126 0.564777 0.012613 0.012146
2 0.446847 0.565789 0.014414 0.014170
2 0.459459 0.568826 0.014414 0.012146
2 0.451351 0.552632 0.009009 0.012146
2 0.491892 0.564777 0.010811 0.008097
2 0.494595 0.568826 0.012613 0.012146
2 0.512613 0.570850 0.012613 0.012146
2 0.535135 0.572874 0.014414 0.016194
2 0.525225 0.587045 0.019820 0.016194
2 0.499099 0.594130 0.018018 0.018219
2 0.546847 0.590081 0.016216 0.014170
2 0.566667 0.592105 0.023423 0.022267
2 0.531532 0.606275 0.021622 0.018219
2 0.575676 0.612348 0.019820 0.018219
2 0.622523 0.661943 0.034234 0.032389
2 0.580180 0.685223 0.039640 0.038462
2 0.537838 0.710526 0.045045 0.044534
2 0.737838 0.786437 0.077477 0.058704
2 0.982883 0.705466 0.034234 0.038462
1 0.972072 0.665992 0.055856 0.085020
1 0.881982 0.611336 0.070270 0.052632
1 0.942342 0.614372 0.082883 0.054656
1 0.974775 0.621457 0.050450 0.040486
1 0.823423 0.600202 0.050450 0.046559
1 0.790991 0.589069 0.046847 0.040486
1 0.727928 0.581984 0.043243 0.034413
1 0.671171 0.567814 0.027027 0.026316
2 0.689189 0.580972 0.019820 0.016194
2 0.761261 0.681174 0.052252 0.042510
4 0.754955 0.679150 0.014414 0.046559
4 0.933333 0.679150 0.010811 0.038462
