2 0.081481 0.900697 0.159259 0.198606
2 0.189815 0.700348 0.168519 0.181185
2 0.532407 0.837979 0.124074 0.219512
2 0.859259 0.862369 0.162963 0.275261
2 0.910185 0.538328 0.098148 0.191638
2 0.776852 0.573171 0.101852 0.191638
2 0.576852 0.585366 0.101852 0.153310
2 0.413889 0.587108 0.109259 0.170732
2 0.685185 0.482578 0.100000 0.121951
2 0.412037 0.439024 0.094444 0.111498
2 0.550926 0.498258 0.094444 0.125436
2 0.495370 0.393728 0.079630 0.104530
2 0.537037 0.428571 0.088889 0.104530
2 0.622222 0.435540 0.088889 0.104530
2 0.736111 0.425087 0.079630 0.111498
2 0.775926 0.486063 0.103704 0.149826
2 0.781481 0.379791 0.070370 0.090592
2 0.711111 0.364111 0.070370 0.094077
2 0.587037 0.357143 0.077778 0.101045
2 0.642593 0.313589 0.051852 0.083624
2 0.686111 0.277003 0.046296 0.080139
2 0.722222 0.287456 0.051852 0.080139
2 0.748148 0.325784 0.048148 0.080139
2 0.784259 0.303136 0.050000 0.069686
2 0.840741 0.351916 0.062963 0.090592
2 0.902778 0.419861 0.087037 0.114983
2 0.970370 0.332753 0.059259 0.114983
2 0.854630 0.318815 0.057407 0.094077
2 0.871296 0.290941 0.053704 0.087108
2 0.805556 0.285714 0.048148 0.076655
2 0.801852 0.261324 0.040741 0.062718
2 0.739815 0.254355 0.042593 0.076655
2 0.779630 0.221254 0.037037 0.080139
2 0.733333 0.214286 0.044444 0.052265
2 0.812963 0.229965 0.037037 0.062718
2 0.819444 0.196864 0.038889 0.059233
2 0.867593 0.257840 0.046296 0.055749
2 0.889815 0.247387 0.042593 0.069686
2 0.872222 0.222997 0.044444 0.048780
2 0.862963 0.203833 0.044444 0.045296
2 0.957407 0.226481 0.051852 0.062718
2 0.912963 0.188153 0.040741 0.055749
2 0.993519 0.224739 0.012963 0.059233
2 0.760185 0.165505 0.035185 0.059233
2 0.788889 0.172474 0.033333 0.052265
2 0.699074 0.153310 0.046296 0.055749
2 0.747222 0.139373 0.035185 0.055749
2 0.876852 0.108014 0.027778 0.048780
1 0.833333 0.080139 0.029630 0.076655
2 0.864815 0.088850 0.018519 0.038328
2 0.850926 0.074913 0.012963 0.031359
2 0.794444 0.109756 0.018519 0.031359
2 0.912037 0.097561 0.027778 0.034843
2 0.937963 0.118467 0.024074 0.041812
2 0.954630 0.128920 0.024074 0.041812
2 0.978704 0.139373 0.027778 0.041812
2 0.989815 0.156794 0.020370 0.034843
2 0.603704 0.254355 0.044444 0.069686
2 0.496296 0.296167 0.107407 0.090592
2 0.370370 0.301394 0.114815 0.087108
4 0.663889 0.883275 0.031481 0.233449
4 0.851852 0.538328 0.022222 0.142857
4 0.160185 0.606272 0.027778 0.125436
4 0.271296 0.491289 0.024074 0.139373
4 0.280556 0.477352 0.020370 0.132404
4 0.341667 0.423345 0.024074 0.121951
4 0.360185 0.416376 0.012963 0.108014
4 0.412963 0.444251 0.018519 0.121951
4 0.427778 0.470383 0.022222 0.097561
4 0.465741 0.411150 0.020370 0.132404
4 0.456481 0.435540 0.027778 0.125436
4 0.444444 0.378049 0.022222 0.114983
4 0.548148 0.327526 0.014815 0.104530
4 0.588889 0.289199 0.014815 0.076655
4 0.569444 0.278746 0.016667 0.055749
4 0.566667 0.229965 0.014815 0.069686
4 0.644444 0.266551 0.014815 0.059233
4 0.637037 0.243902 0.014815 0.069686
4 0.526852 0.202091 0.012963 0.055749
4 0.536111 0.322300 0.012963 0.066202
4 0.481481 0.325784 0.014815 0.073171
4 0.471296 0.311847 0.012963 0.080139
4 0.457407 0.317073 0.014815 0.076655
4 0.345370 0.306620 0.012963 0.076655
4 0.357407 0.303136 0.014815 0.083624
4 0.383333 0.296167 0.014815 0.069686
