2 0.089730 0.965224 0.177386 0.069552
2 0.215768 0.942040 0.118257 0.115920
2 0.391598 0.968315 0.152490 0.063369
2 0.294606 0.901082 0.085062 0.092736
2 0.321058 0.870170 0.057054 0.064915
2 0.407676 0.925039 0.109959 0.109737
2 0.432054 0.869397 0.059129 0.094281
2 0.406120 0.853168 0.046680 0.043277
2 0.354253 0.848532 0.042531 0.058733
2 0.389004 0.830757 0.024896 0.041731
2 0.406639 0.823802 0.022822 0.030912
2 0.420643 0.816074 0.021784 0.034003
2 0.450207 0.817620 0.033195 0.034003
2 0.463693 0.809892 0.024896 0.034003
2 0.475622 0.802937 0.015560 0.017002
2 0.491183 0.803709 0.017635 0.018547
2 0.502075 0.800618 0.014523 0.018547
2 0.765041 0.949768 0.173237 0.100464
2 0.548237 0.837713 0.065353 0.117465
2 0.590768 0.840031 0.032158 0.047913
2 0.523340 0.836167 0.030083 0.046368
2 0.520228 0.806028 0.017635 0.020093
