2 0.046552 0.820413 0.089655 0.111111
2 0.181034 0.839793 0.110345 0.093023
2 0.508621 0.851421 0.162069 0.131783
2 0.662069 0.861757 0.124138 0.085271
2 0.617241 0.855297 0.113793 0.082687
2 0.807759 0.864341 0.091379 0.090439
2 0.933621 0.874677 0.115517 0.100775
2 0.848276 0.864341 0.079310 0.074935
2 0.111207 0.824289 0.177586 0.118863
2 0.382759 0.861757 0.234483 0.147287
2 0.768103 0.882429 0.139655 0.100775
4 0.566379 0.886305 0.122414 0.222222
1 0.410345 0.807494 0.303448 0.152455
1 0.793966 0.821705 0.177586 0.098191
