2 0.268817 0.774451 0.535484 0.451098
2 0.086559 0.706587 0.170968 0.243513
2 0.211828 0.589820 0.167742 0.121756
2 0.403226 0.587824 0.178495 0.117764
2 0.348925 0.534930 0.044086 0.055888
2 0.389785 0.530938 0.046237 0.051896
2 0.433333 0.537924 0.040860 0.069860
2 0.462366 0.537924 0.034409 0.057884
2 0.488172 0.542914 0.034409 0.051896
2 0.498925 0.540918 0.023656 0.043912
2 0.502688 0.533932 0.026882 0.045908
2 0.617204 0.556886 0.055914 0.059880
2 0.655914 0.586826 0.105376 0.103792
2 0.705914 0.615768 0.127957 0.137725
2 0.837634 0.569860 0.094624 0.069860
2 0.951613 0.574850 0.096774 0.071856
2 0.695699 0.546906 0.034409 0.047904
1 0.379032 0.497006 0.074194 0.063872
