4 0.591875 0.719000 0.016250 0.062000
4 0.931250 0.700000 0.012500 0.032000
4 0.925625 0.701000 0.011250 0.038000
4 0.860625 0.703000 0.011250 0.034000
0 0.860625 0.711000 0.021250 0.022000
4 0.318750 0.711000 0.007500 0.034000
4 0.143125 0.702000 0.008750 0.032000
4 0.223750 0.705000 0.005000 0.026000
4 0.228750 0.706000 0.007500 0.028000
2 0.773750 0.699000 0.152500 0.022000
4 0.130625 0.706000 0.011250 0.032000
4 0.116250 0.706000 0.010000 0.036000
4 0.065000 0.711000 0.025000 0.062000
4 0.035000 0.711000 0.020000 0.066000
4 0.020000 0.712000 0.022500 0.060000
4 0.678750 0.824000 0.125000 0.352000
