4 0.553763 0.527567 0.131183 0.526616
4 0.707527 0.495247 0.096774 0.587452
4 0.436022 0.400190 0.117204 0.420152
4 0.718280 0.283270 0.036559 0.212928
4 0.367204 0.273764 0.044086 0.163498
4 0.029570 0.302281 0.041935 0.277567
4 0.062366 0.313688 0.034409 0.258555
4 0.631183 0.294677 0.023656 0.125475
4 0.500000 0.250000 0.021505 0.131179
4 0.523118 0.253802 0.022581 0.138783
4 0.548387 0.268061 0.034409 0.140684
4 0.466667 0.242395 0.023656 0.131179
2 0.205914 0.239544 0.272043 0.475285
2 0.975806 0.279468 0.048387 0.167300
0 0.435484 0.500000 0.113978 0.349810
