2 0.567391 0.670354 0.163768 0.101770
4 0.511594 0.758850 0.031884 0.128319
4 0.366667 0.738938 0.031884 0.106195
4 0.344928 0.742257 0.028986 0.117257
4 0.327536 0.750000 0.023188 0.115044
2 0.534058 0.727876 0.198551 0.123894
2 0.512319 0.750000 0.201449 0.115044
2 0.742029 0.731195 0.205797 0.112832
3 0.907971 0.764381 0.036232 0.095133
2 0.927536 0.725664 0.144928 0.110619
2 0.937681 0.747788 0.124638 0.123894
4 0.171014 0.755531 0.046377 0.139381
2 0.374638 0.778761 0.271014 0.159292
2 0.454348 0.659292 0.053623 0.066372
2 0.741304 0.746681 0.201449 0.112832
