2 0.160833 0.835196 0.318333 0.273743
2 0.069167 0.803073 0.135000 0.231844
1 0.285000 0.699721 0.526667 0.382682
1 0.154167 0.738827 0.305000 0.243017
2 0.609167 0.790503 0.115000 0.145251
2 0.641667 0.784916 0.070000 0.122905
2 0.695000 0.789106 0.106667 0.120112
2 0.753333 0.784916 0.086667 0.100559
2 0.803333 0.782123 0.076667 0.083799
2 0.835833 0.775140 0.075000 0.092179
2 0.901667 0.776536 0.070000 0.067039
2 0.936667 0.770950 0.053333 0.055866
2 0.959167 0.755587 0.041667 0.086592
1 0.815000 0.734637 0.090000 0.100559
1 0.915000 0.744413 0.050000 0.058659
1 0.460000 0.754190 0.253333 0.273743
