2 0.095455 0.750877 0.176364 0.273684
2 0.180909 0.719298 0.096364 0.154386
2 0.232727 0.682456 0.069091 0.108772
2 0.258182 0.656140 0.065455 0.119298
2 0.298182 0.645614 0.047273 0.077193
2 0.330000 0.612281 0.027273 0.045614
2 0.347273 0.591228 0.018182 0.031579
2 0.378182 0.612281 0.029091 0.045614
2 0.422727 0.661404 0.056364 0.087719
2 0.366364 0.773684 0.158182 0.263158
2 0.488182 0.692982 0.070909 0.115789
2 0.468182 0.654386 0.041818 0.066667
2 0.468182 0.670175 0.067273 0.112281
2 0.464545 0.628070 0.030909 0.056140
2 0.493636 0.605263 0.020000 0.031579
2 0.503636 0.610526 0.025455 0.042105
2 0.514545 0.619298 0.029091 0.038596
2 0.517273 0.635088 0.027273 0.042105
2 0.550000 0.668421 0.067273 0.080702
2 0.570909 0.647368 0.050909 0.073684
2 0.576364 0.692982 0.047273 0.108772
2 0.622727 0.698246 0.089091 0.126316
2 0.615455 0.754386 0.121818 0.189474
2 0.680000 0.666667 0.050909 0.084211
2 0.619091 0.617544 0.023636 0.035088
2 0.837273 0.759649 0.314545 0.480702
1 0.678182 0.603509 0.087273 0.189474
