2 0.952500 0.192308 0.072500 0.046904
2 0.914375 0.186679 0.058750 0.050657
2 0.846875 0.196060 0.091250 0.054409
2 0.810000 0.190432 0.082500 0.054409
2 0.715625 0.196998 0.106250 0.056285
2 0.624375 0.191370 0.081250 0.063790
2 0.572500 0.192308 0.082500 0.061914
2 0.520625 0.199812 0.106250 0.061914
2 0.490000 0.191370 0.080000 0.060038
2 0.376875 0.196060 0.098750 0.069418
2 0.308125 0.302064 0.258750 0.243902
2 0.117500 0.299250 0.232500 0.332083
4 0.471875 0.509381 0.183750 0.666041
0 0.461250 0.680113 0.207500 0.497186
1 0.555000 0.161351 0.217500 0.101313
1 0.749375 0.167917 0.208750 0.110694
