2 0.257000 0.659639 0.066000 0.060241
2 0.526000 0.662651 0.052000 0.054217
2 0.631000 0.628012 0.046000 0.039157
2 0.588000 0.671687 0.048000 0.048193
2 0.609000 0.682229 0.038000 0.045181
2 0.636000 0.685241 0.040000 0.051205
2 0.619000 0.704819 0.034000 0.048193
2 0.593000 0.730422 0.050000 0.063253
2 0.687000 0.739458 0.046000 0.063253
2 0.670000 0.722892 0.044000 0.054217
2 0.697000 0.694277 0.042000 0.045181
2 0.726000 0.653614 0.056000 0.066265
2 0.545000 0.712349 0.046000 0.075301
2 0.532000 0.774096 0.060000 0.090361
2 0.505000 0.780120 0.066000 0.078313
2 0.375000 0.698795 0.102000 0.060241
2 0.439000 0.798193 0.082000 0.102410
2 0.353000 0.850904 0.134000 0.153614
2 0.187000 0.840361 0.126000 0.156627
2 0.079000 0.816265 0.106000 0.150602
4 0.631000 0.783133 0.070000 0.186747
3 0.631000 0.828313 0.066000 0.150602
4 0.742000 0.804217 0.076000 0.246988
0 0.742000 0.855422 0.064000 0.180723
