4 0.465217 0.765152 0.017391 0.097403
4 0.422464 0.765152 0.024638 0.132035
4 0.378986 0.764069 0.027536 0.147186
4 0.202899 0.765152 0.026087 0.149351
4 0.212319 0.765152 0.015942 0.136364
4 0.220290 0.771645 0.020290 0.127706
4 0.250000 0.771645 0.039130 0.123377
4 0.259420 0.768398 0.031884 0.134199
4 0.284783 0.766234 0.024638 0.138528
4 0.300725 0.768398 0.030435 0.134199
4 0.315942 0.769481 0.028986 0.136364
4 0.565942 0.767316 0.024638 0.101732
4 0.969565 0.771645 0.031884 0.166667
4 0.918116 0.768398 0.047826 0.173160
4 0.893478 0.780303 0.036232 0.170996
2 0.521014 0.783550 0.105797 0.134199
2 0.617391 0.788961 0.144928 0.209957
1 0.147101 0.507576 0.291304 0.984848
2 0.374638 0.797619 0.163768 0.196970
2 0.784783 0.818182 0.404348 0.363636
