4 0.745431 0.687399 0.206266 0.570275
4 0.832898 0.634895 0.122715 0.623586
4 0.754569 0.672859 0.107050 0.525040
4 0.170366 0.697092 0.043081 0.137318
4 0.450392 0.685784 0.049608 0.121163
4 0.623368 0.673667 0.037859 0.142165
2 0.045692 0.710824 0.075718 0.103393
2 0.084856 0.693861 0.049608 0.082391
2 0.174282 0.697092 0.121410 0.140549
2 0.142298 0.685784 0.075718 0.075929
2 0.231070 0.691438 0.075718 0.090468
2 0.255222 0.684976 0.069191 0.087237
2 0.275457 0.680129 0.054830 0.074313
2 0.374674 0.684976 0.127937 0.132472
2 0.353133 0.688207 0.103133 0.109855
2 0.537206 0.670436 0.126632 0.138934
2 0.500653 0.667205 0.103133 0.122779
2 0.616841 0.660743 0.074413 0.100162
2 0.684726 0.658320 0.092689 0.117932
4 0.973238 0.627625 0.027415 0.098546
