2 0.147500 0.704887 0.040000 0.048872
2 0.171250 0.659774 0.032500 0.041353
2 0.206250 0.669173 0.032500 0.045113
2 0.061250 0.701128 0.042500 0.048872
2 0.080000 0.648496 0.045000 0.033835
2 0.088750 0.639098 0.047500 0.037594
2 0.120000 0.624060 0.050000 0.045113
2 0.135000 0.622180 0.055000 0.048872
2 0.015000 0.687970 0.025000 0.045113
2 0.246250 0.640977 0.027500 0.041353
2 0.268750 0.627820 0.022500 0.030075
2 0.296250 0.633459 0.022500 0.033835
2 0.035000 0.734962 0.035000 0.048872
2 0.012500 0.748120 0.020000 0.060150
2 0.333750 0.627820 0.022500 0.030075
2 0.337500 0.682331 0.035000 0.041353
2 0.360000 0.648496 0.025000 0.041353
2 0.396250 0.652256 0.027500 0.033835
2 0.418750 0.614662 0.022500 0.026316
2 0.392500 0.607143 0.020000 0.026316
2 0.348750 0.609023 0.022500 0.037594
2 0.466250 0.593985 0.017500 0.022556
2 0.492500 0.601504 0.020000 0.030075
2 0.542500 0.601504 0.020000 0.030075
2 0.436250 0.588346 0.017500 0.026316
2 0.533750 0.667293 0.027500 0.033835
2 0.561250 0.640977 0.027500 0.056391
2 0.583750 0.609023 0.017500 0.030075
2 0.645000 0.639098 0.025000 0.037594
2 0.642500 0.676692 0.025000 0.052632
2 0.683750 0.676692 0.037500 0.045113
2 0.705000 0.701128 0.035000 0.048872
2 0.746250 0.671053 0.037500 0.041353
2 0.790000 0.678571 0.040000 0.048872
4 0.922500 0.802632 0.020000 0.063910
2 0.471250 0.680451 0.027500 0.045113
2 0.351250 0.725564 0.032500 0.045113
2 0.417500 0.795113 0.040000 0.063910
1 0.548750 0.759398 0.062500 0.135338
1 0.477500 0.892857 0.070000 0.161654
1 0.968750 0.828947 0.042500 0.078947
1 0.961250 0.783835 0.037500 0.071429
