2 0.074150 0.907599 0.145578 0.184801
2 0.164626 0.867876 0.155102 0.157168
2 0.436735 0.858377 0.155102 0.151986
2 0.339456 0.794473 0.107483 0.072539
2 0.416327 0.770294 0.106122 0.065630
2 0.539456 0.768566 0.055782 0.072539
1 0.408163 0.725389 0.092517 0.107081
2 0.234694 0.761658 0.077551 0.044905
2 0.308163 0.753022 0.061224 0.048359
2 0.282313 0.749568 0.058503 0.037997
2 0.548299 0.721071 0.016327 0.015544
2 0.585034 0.728843 0.062585 0.031088
2 0.641497 0.735751 0.028571 0.031088
2 0.677551 0.764249 0.054422 0.053541
2 0.650340 0.730570 0.054422 0.031088
2 0.691156 0.734024 0.032653 0.041451
2 0.812245 0.865285 0.176871 0.196891
2 0.800000 0.789292 0.057143 0.065630
4 0.723129 0.776339 0.017687 0.067358
4 0.589116 0.777202 0.024490 0.065630
4 0.620408 0.810881 0.038095 0.091537
3 0.622449 0.829016 0.044898 0.086356
4 0.572109 0.729706 0.012245 0.039724
2 0.031293 0.796200 0.046259 0.058722
2 0.057143 0.792746 0.068027 0.065630
2 0.087075 0.789292 0.070748 0.072539
