2 0.811000 0.618182 0.078000 0.103030
2 0.885000 0.659091 0.070000 0.081818
2 0.977000 0.665152 0.046000 0.075758
2 0.741000 0.642424 0.046000 0.060606
2 0.665000 0.659091 0.090000 0.093939
2 0.578000 0.665152 0.100000 0.100000
2 0.544000 0.646970 0.080000 0.087879
2 0.479000 0.656061 0.070000 0.087879
2 0.409000 0.668182 0.074000 0.087879
2 0.341000 0.666667 0.094000 0.115152
2 0.301000 0.648485 0.050000 0.072727
2 0.178000 0.668182 0.064000 0.093939
2 0.150000 0.631818 0.052000 0.075758
1 0.086000 0.612121 0.084000 0.121212
2 0.059000 0.625758 0.050000 0.063636
2 0.037000 0.622727 0.038000 0.051515
2 0.235000 0.680303 0.118000 0.142424
2 0.562000 0.730303 0.140000 0.157576
2 0.703000 0.712121 0.138000 0.151515
2 0.846000 0.778788 0.216000 0.224242
4 0.143000 0.725758 0.054000 0.148485
4 0.140000 0.718182 0.060000 0.163636
3 0.143000 0.762121 0.066000 0.166667
