2 0.260145 0.756691 0.036232 0.019465
2 0.243478 0.762165 0.046377 0.025547
2 0.209420 0.758516 0.039130 0.020681
2 0.226087 0.768248 0.060870 0.032847
2 0.315942 0.754258 0.031884 0.014599
4 0.224638 0.798662 0.043478 0.074209
4 0.149275 0.802311 0.037681 0.093674
4 0.009420 0.824209 0.015942 0.110706
4 0.035507 0.824209 0.042029 0.108273
0 0.034058 0.849757 0.065217 0.081509
4 0.101449 0.815085 0.037681 0.114355
4 0.088406 0.800487 0.046377 0.097324
0 0.090580 0.821168 0.091304 0.063260
4 0.137681 0.803528 0.037681 0.100973
4 0.180435 0.872263 0.097101 0.145985
4 0.194203 0.856448 0.086957 0.182482
0 0.198551 0.890511 0.144928 0.133820
2 0.337681 0.774939 0.101449 0.046229
4 0.362319 0.810219 0.037681 0.111922
2 0.589855 0.787105 0.185507 0.097324
2 0.734783 0.788929 0.200000 0.074209
4 0.601449 0.877737 0.136232 0.244526
4 0.875362 0.882603 0.101449 0.234793
4 0.935507 0.896594 0.128986 0.206813
