2 0.739550 0.786830 0.070740 0.069196
2 0.548232 0.766741 0.032154 0.051339
2 0.644695 0.752232 0.022508 0.026786
2 0.360932 0.746652 0.024116 0.020089
2 0.084405 0.765625 0.036977 0.026786
2 0.148714 0.767857 0.036977 0.022321
2 0.204180 0.755580 0.025723 0.024554
2 0.484727 0.744420 0.020900 0.024554
2 0.305466 0.744420 0.035370 0.020089
2 0.264469 0.744420 0.024116 0.020089
2 0.041801 0.765625 0.035370 0.026786
2 0.528135 0.774554 0.053055 0.058036
2 0.597267 0.770089 0.075563 0.093750
1 0.520900 0.737723 0.028939 0.037946
