2 0.032407 0.843487 0.061111 0.149160
2 0.128704 0.875000 0.101852 0.102941
2 0.112037 0.860294 0.075926 0.077731
2 0.260185 0.894958 0.220370 0.193277
2 0.349074 0.866597 0.083333 0.086134
2 0.365741 0.850840 0.083333 0.092437
2 0.397222 0.842437 0.053704 0.067227
2 0.472222 0.844538 0.059259 0.071429
2 0.507407 0.860294 0.070370 0.077731
2 0.532407 0.875000 0.109259 0.090336
2 0.578704 0.841387 0.075926 0.048319
1 0.544444 0.803571 0.077778 0.086134
1 0.596296 0.814076 0.059259 0.052521
2 0.648148 0.843487 0.051852 0.069328
2 0.723148 0.878151 0.272222 0.130252
2 0.972222 0.832983 0.029630 0.027311
4 0.992593 0.867647 0.014815 0.117647
4 0.887963 0.872899 0.020370 0.073529
4 0.913889 0.844538 0.020370 0.058824
1 0.671296 0.818277 0.083333 0.111345
