2 0.139844 0.871638 0.276562 0.256724
2 0.022656 0.789731 0.042188 0.107579
2 0.039062 0.739609 0.075000 0.144254
2 0.037500 0.706601 0.065625 0.073350
2 0.171875 0.778729 0.143750 0.119804
2 0.153906 0.754279 0.104688 0.100244
2 0.200000 0.700489 0.087500 0.070905
4 0.241406 0.710269 0.017188 0.080685
2 0.146875 0.700489 0.059375 0.046455
2 0.119531 0.677262 0.039062 0.029340
2 0.283594 0.687042 0.029687 0.034230
2 0.320312 0.687042 0.043750 0.058680
2 0.333594 0.704156 0.067187 0.063570
2 0.652344 0.661369 0.104688 0.070905
2 0.810937 0.671149 0.134375 0.075795
2 0.709375 0.646699 0.053125 0.041565
2 0.735938 0.643032 0.031250 0.029340
1 0.413281 0.668704 0.045312 0.051345
1 0.455469 0.668704 0.048438 0.066015
