2 0.246667 0.781155 0.020000 0.018237
2 0.209167 0.785714 0.015000 0.021277
1 0.263333 0.778116 0.030000 0.054711
2 0.278333 0.793313 0.026667 0.042553
2 0.312500 0.799392 0.048333 0.072948
2 0.335833 0.791793 0.021667 0.027356
2 0.347500 0.782675 0.028333 0.033435
2 0.379167 0.808511 0.055000 0.066869
2 0.432500 0.794833 0.038333 0.051672
2 0.494167 0.797872 0.088333 0.130699
2 0.545833 0.773556 0.025000 0.027356
2 0.590000 0.776596 0.066667 0.100304
2 0.667500 0.796353 0.108333 0.133739
2 0.696667 0.767477 0.033333 0.039514
2 0.770000 0.770517 0.056667 0.045593
2 0.865000 0.825228 0.173333 0.148936
2 0.897500 0.806991 0.135000 0.130699
