2 0.072948 0.884368 0.079027 0.059957
2 0.134498 0.880086 0.062310 0.047109
2 0.192249 0.876874 0.056231 0.040685
2 0.228723 0.872591 0.050152 0.032120
2 0.300152 0.880086 0.110942 0.094218
2 0.378419 0.858672 0.036474 0.025696
2 0.473404 0.868308 0.135258 0.177730
2 0.539514 0.865096 0.051672 0.072805
2 0.563070 0.838330 0.028875 0.044968
2 0.606383 0.859743 0.036474 0.036403
2 0.648176 0.852248 0.025836 0.029979
2 0.680091 0.847966 0.022796 0.017131
2 0.581307 0.834047 0.016717 0.019272
2 0.917933 0.881156 0.164134 0.224839
2 0.787234 0.867238 0.085106 0.077088
