2 0.250000 0.562500 0.075000 0.087963
2 0.315625 0.542824 0.046875 0.067130
2 0.358594 0.548611 0.057813 0.064815
1 0.583594 0.501157 0.126562 0.173611
2 0.675781 0.521991 0.126562 0.141204
4 0.792969 0.515046 0.048438 0.145833
2 0.932813 0.527778 0.134375 0.250000
2 0.729688 0.528935 0.084375 0.113426
2 0.911719 0.518519 0.157812 0.185185
2 0.871094 0.518519 0.107813 0.134259
4 0.214844 0.570602 0.042188 0.150463
4 0.096875 0.555556 0.018750 0.074074
4 0.144531 0.576389 0.064062 0.199074
3 0.139844 0.612269 0.054688 0.136574
4 0.457813 0.593750 0.225000 0.692130
