4 0.802083 0.615625 0.016667 0.068750
4 0.698958 0.623437 0.018750 0.059375
0 0.698958 0.646875 0.018750 0.050000
2 0.661458 0.623437 0.031250 0.040625
2 0.609375 0.618750 0.035417 0.037500
2 0.560417 0.617188 0.029167 0.040625
2 0.534375 0.618750 0.035417 0.043750
2 0.414583 0.637500 0.079167 0.087500
2 0.345833 0.625000 0.050000 0.050000
4 0.146875 0.626563 0.018750 0.065625
3 0.146875 0.642188 0.018750 0.053125
4 0.119792 0.629687 0.022917 0.084375
0 0.118750 0.646875 0.020833 0.062500
4 0.077083 0.629687 0.033333 0.078125
3 0.078125 0.650000 0.039583 0.062500
4 0.783333 0.646875 0.029167 0.106250
0 0.783333 0.670312 0.025000 0.084375
4 0.735417 0.684375 0.070833 0.218750
0 0.736458 0.735938 0.072917 0.209375
2 0.482292 0.640625 0.102083 0.137500
2 0.264583 0.651563 0.145833 0.128125
