2 0.918033 0.908291 0.159836 0.183417
2 0.978484 0.685930 0.043033 0.130653
2 0.849385 0.680905 0.112705 0.120603
2 0.782787 0.564070 0.081967 0.077889
2 0.890369 0.560302 0.075820 0.085427
2 0.971311 0.513819 0.057377 0.062814
2 0.866803 0.500000 0.057377 0.080402
2 0.884221 0.461055 0.055328 0.052764
2 0.757172 0.477387 0.059426 0.055276
2 0.769467 0.457286 0.051230 0.050251
2 0.888320 0.435930 0.051230 0.042714
2 0.805328 0.435930 0.045082 0.047739
2 0.840164 0.398241 0.045082 0.042714
2 0.789959 0.413317 0.043033 0.042714
2 0.725410 0.393216 0.040984 0.057789
2 0.813525 0.366834 0.036885 0.040201
2 0.714139 0.361809 0.034836 0.040201
1 0.983607 0.378141 0.032787 0.077889
2 0.936475 0.385678 0.036885 0.037688
1 0.944672 0.363065 0.057377 0.057789
2 0.782787 0.317839 0.024590 0.032663
2 0.756148 0.369347 0.028689 0.030151
2 0.763320 0.291457 0.022541 0.030151
2 0.617828 0.396985 0.038934 0.035176
2 0.568648 0.394472 0.030738 0.035176
2 0.523566 0.381910 0.030738 0.035176
2 0.525615 0.458543 0.043033 0.047739
2 0.585041 0.464824 0.051230 0.055276
2 0.584016 0.531407 0.073770 0.092965
2 0.407787 0.609296 0.094262 0.097990
2 0.403689 0.505025 0.069672 0.085427
2 0.376025 0.417085 0.038934 0.045226
2 0.413934 0.407035 0.028689 0.035176
1 0.428279 0.378141 0.049180 0.052764
2 0.335041 0.400754 0.026639 0.027638
2 0.258197 0.478643 0.045082 0.042714
2 0.153689 0.496231 0.053279 0.047739
2 0.100410 0.516332 0.069672 0.077889
2 0.295082 0.439698 0.036885 0.035176
2 0.228484 0.454774 0.043033 0.040201
2 0.248975 0.443467 0.038934 0.037688
