4 0.881425 0.682909 0.237150 0.619190
4 0.712033 0.616192 0.190421 0.485757
4 0.825935 0.527736 0.100467 0.389805
4 0.560748 0.513493 0.098131 0.388306
4 0.606308 0.444528 0.053738 0.178411
4 0.509930 0.446777 0.033879 0.194903
4 0.488318 0.431784 0.032710 0.179910
4 0.446846 0.446777 0.047897 0.221889
4 0.407710 0.428786 0.035047 0.200900
4 0.367991 0.426537 0.037383 0.199400
4 0.332944 0.449025 0.039720 0.253373
0 0.828855 0.769865 0.342290 0.439280
3 0.692173 0.669415 0.356308 0.313343
0 0.528621 0.580210 0.239486 0.206897
2 0.042056 0.485007 0.081776 0.229385
2 0.169977 0.423538 0.143692 0.133433
2 0.062500 0.411544 0.122664 0.100450
2 0.244743 0.400300 0.085280 0.101949
2 0.287967 0.392054 0.057243 0.058471
1 0.135514 0.366567 0.095794 0.097451
1 0.189836 0.368816 0.071262 0.086957
