4 0.277500 0.751333 0.013000 0.028000
4 0.285500 0.744000 0.009000 0.024000
4 0.298000 0.747333 0.010000 0.020000
3 0.277500 0.758667 0.011000 0.021333
3 0.298000 0.753333 0.010000 0.018667
2 0.399000 0.750000 0.032000 0.028000
2 0.434500 0.757333 0.037000 0.029333
2 0.461000 0.752000 0.020000 0.018667
2 0.415500 0.745333 0.037000 0.029333
4 0.021500 0.816000 0.041000 0.162667
4 0.332000 0.834667 0.046000 0.192000
4 0.832500 0.881333 0.063000 0.234667
4 0.884000 0.887333 0.076000 0.225333
2 0.752500 0.772000 0.075000 0.040000
2 0.184000 0.802667 0.176000 0.098667
