4 0.014286 0.762742 0.026190 0.066784
3 0.017262 0.780316 0.032143 0.052724
2 0.077381 0.760105 0.100000 0.050967
2 0.175000 0.760105 0.090476 0.050967
4 0.223810 0.757469 0.021429 0.052724
3 0.222619 0.771529 0.026190 0.045694
2 0.378571 0.754833 0.083333 0.047452
4 0.482738 0.750439 0.010714 0.035149
3 0.482143 0.757469 0.016667 0.028120
2 0.548214 0.749561 0.082143 0.054482
4 0.591667 0.750439 0.016667 0.045694
3 0.592262 0.760105 0.034524 0.033392
2 0.660714 0.745167 0.064286 0.038664
2 0.677381 0.743409 0.047619 0.042179
2 0.732738 0.740773 0.022619 0.022847
2 0.823214 0.741652 0.063095 0.038664
4 0.942857 0.735501 0.011905 0.043937
4 0.972619 0.738137 0.014286 0.038664
3 0.973810 0.746046 0.019048 0.029877
2 0.958333 0.729350 0.033333 0.035149
2 0.988095 0.728471 0.023810 0.029877
