2 0.706364 0.690635 0.038182 0.056856
2 0.600000 0.729097 0.043636 0.060201
2 0.518182 0.709030 0.040000 0.073579
2 0.554545 0.704013 0.036364 0.050167
2 0.492727 0.658863 0.036364 0.040134
2 0.517273 0.916388 0.078182 0.127090
2 0.388182 0.846154 0.063636 0.086957
2 0.290909 0.882943 0.061818 0.127090
2 0.146364 0.832776 0.060000 0.080268
2 0.205455 0.727425 0.036364 0.056856
2 0.252727 0.698997 0.047273 0.066890
2 0.299091 0.648829 0.023636 0.040134
2 0.345455 0.650502 0.029091 0.043478
1 0.097273 0.704013 0.041818 0.090301
