2 0.257273 0.584011 0.041818 0.046070
2 0.317273 0.582656 0.038182 0.043360
2 0.300909 0.563686 0.041818 0.054201
2 0.244545 0.565041 0.041818 0.051491
2 0.341818 0.646341 0.050909 0.051491
2 0.296364 0.672087 0.061818 0.075881
2 0.371818 0.711382 0.060000 0.073171
2 0.312727 0.753388 0.065455 0.075881
2 0.423636 0.741192 0.069091 0.062331
2 0.645455 0.894309 0.054545 0.086721
2 0.589091 0.779133 0.047273 0.067751
2 0.390000 0.817073 0.078182 0.094851
2 0.467273 0.887534 0.098182 0.111111
2 0.335455 0.879404 0.074545 0.100271
2 0.289091 0.917344 0.098182 0.138211
2 0.433636 0.768293 0.074545 0.089431
2 0.649091 0.983740 0.058182 0.032520
1 0.823636 0.945799 0.054545 0.092141
1 0.800000 0.914634 0.054545 0.089431
2 0.645455 0.765583 0.054545 0.056911
1 0.700909 0.734417 0.067273 0.065041
