2 0.842647 0.778195 0.282353 0.208020
4 0.449265 0.749373 0.030882 0.115288
0 0.447794 0.781955 0.027941 0.090226
2 0.615441 0.724311 0.039706 0.065163
2 0.572059 0.714286 0.032353 0.040100
2 0.539706 0.716792 0.026471 0.040100
4 0.240441 0.848371 0.104412 0.298246
0 0.230147 0.926065 0.122059 0.147870
2 0.258824 0.755639 0.135294 0.117794
2 0.026471 0.731830 0.050000 0.105263
2 0.094118 0.724311 0.100000 0.095238
2 0.174265 0.721805 0.077941 0.080201
2 0.351471 0.695489 0.052941 0.072682
2 0.313235 0.709273 0.058824 0.060150
