2 0.741742 0.505000 0.108108 0.030000
2 0.516517 0.617000 0.042042 0.018000
2 0.551051 0.605000 0.039039 0.022000
2 0.448949 0.605000 0.033033 0.022000
2 0.454955 0.635000 0.051051 0.026000
2 0.597598 0.620000 0.036036 0.024000
2 0.632132 0.609000 0.039039 0.022000
2 0.653153 0.606000 0.033033 0.020000
2 0.750751 0.619000 0.048048 0.022000
2 0.813814 0.633000 0.054054 0.026000
2 0.726727 0.631000 0.054054 0.030000
2 0.566066 0.629000 0.051051 0.022000
2 0.981982 0.766000 0.036036 0.056000
4 0.217718 0.785000 0.027027 0.066000
4 0.201201 0.784000 0.024024 0.064000
4 0.175676 0.782000 0.033033 0.060000
2 0.569069 0.664000 0.057057 0.032000
2 0.656156 0.659000 0.057057 0.030000
2 0.719219 0.663000 0.051051 0.030000
2 0.424925 0.677000 0.075075 0.034000
2 0.495495 0.694000 0.072072 0.048000
2 0.588589 0.694000 0.078078 0.036000
2 0.581081 0.714000 0.081081 0.040000
2 0.648649 0.723000 0.090090 0.038000
2 0.644144 0.752000 0.093093 0.048000
2 0.687688 0.781000 0.108108 0.054000
2 0.803303 0.719000 0.081081 0.058000
2 0.905405 0.702000 0.087087 0.040000
2 0.980480 0.691000 0.039039 0.038000
1 0.385886 0.773000 0.177177 0.130000
4 0.575075 0.786000 0.033033 0.052000
3 0.573574 0.798000 0.036036 0.044000
2 0.755255 0.915000 0.183183 0.110000
2 0.021021 0.840000 0.036036 0.072000
