4 0.936548 0.859223 0.126904 0.275081
4 0.101523 0.875405 0.060914 0.249191
4 0.291878 0.851133 0.055838 0.174757
4 0.388325 0.854369 0.055838 0.161812
4 0.470812 0.857605 0.058376 0.168285
4 0.553299 0.851133 0.055838 0.142395
4 0.633249 0.847896 0.063452 0.181230
4 0.724619 0.862460 0.058376 0.165049
4 0.741117 0.846278 0.055838 0.152104
4 0.843909 0.862460 0.053299 0.158576
0 0.842640 0.907767 0.050761 0.119741
0 0.727157 0.904531 0.058376 0.113269
0 0.634518 0.899676 0.055838 0.116505
0 0.553299 0.891586 0.055838 0.113269
0 0.468274 0.899676 0.048223 0.116505
0 0.390863 0.899676 0.055838 0.116505
0 0.288071 0.896440 0.058376 0.116505
