2 0.405138 0.742826 0.035573 0.041943
2 0.494730 0.745033 0.035573 0.041943
2 0.529644 0.742826 0.031621 0.046358
2 0.583663 0.749448 0.031621 0.041943
2 0.434783 0.740618 0.026350 0.033113
2 0.681159 0.757174 0.055336 0.079470
1 0.674572 0.722958 0.079051 0.112583
2 0.171278 0.762693 0.057971 0.068433
2 0.221344 0.754967 0.065876 0.097130
2 0.277997 0.771523 0.110672 0.130243
2 0.481555 0.746137 0.043478 0.057395
2 0.554677 0.747241 0.039526 0.064018
2 0.622530 0.750552 0.072464 0.123620
2 0.870883 0.827815 0.258235 0.344371
