2 0.208889 0.664430 0.097778 0.100671
2 0.341111 0.657718 0.068889 0.100671
2 0.457778 0.679530 0.111111 0.157718
1 0.400000 0.605705 0.155556 0.251678
1 0.602222 0.573826 0.160000 0.308725
2 0.646667 0.671141 0.128889 0.161074
2 0.661111 0.681208 0.126667 0.174497
2 0.791111 0.666107 0.111111 0.151007
2 0.820000 0.667785 0.120000 0.147651
2 0.894444 0.677852 0.140000 0.174497
2 0.935556 0.704698 0.128889 0.154362
2 0.677778 0.697987 0.142222 0.167785
2 0.421111 0.701342 0.131111 0.154362
4 0.298889 0.692953 0.082222 0.204698
