2 0.976667 0.816024 0.046667 0.094955
2 0.957500 0.936202 0.078333 0.127596
2 0.853333 0.936202 0.100000 0.127596
2 0.755833 0.933234 0.088333 0.133531
2 0.876667 0.817507 0.073333 0.097923
2 0.805833 0.814540 0.065000 0.091988
2 0.731667 0.810089 0.060000 0.094955
2 0.635000 0.808605 0.056667 0.091988
2 0.503333 0.912463 0.080000 0.109792
2 0.415000 0.798220 0.066667 0.089021
2 0.375000 0.902077 0.100000 0.118694
2 0.300000 0.786350 0.073333 0.083086
2 0.202500 0.894659 0.118333 0.115727
2 0.104167 0.786350 0.095000 0.083086
2 0.040000 0.783383 0.076667 0.083086
