2 0.816038 0.888800 0.082210 0.081600
2 0.741914 0.803200 0.076819 0.076800
2 0.857817 0.790400 0.068733 0.064000
2 0.923181 0.730400 0.061995 0.056000
2 0.727089 0.722400 0.063342 0.056000
2 0.865903 0.649600 0.052561 0.054400
2 0.687332 0.640000 0.043127 0.044800
1 0.760108 0.610400 0.043127 0.062400
2 0.863208 0.629600 0.039084 0.043200
2 0.840296 0.618400 0.039084 0.043200
2 0.780323 0.608000 0.029650 0.038400
2 0.798518 0.588800 0.030997 0.038400
2 0.691375 0.627200 0.043127 0.041600
2 0.681267 0.616800 0.039084 0.043200
2 0.723720 0.588800 0.029650 0.028800
2 0.690701 0.592000 0.033693 0.035200
2 0.697439 0.606400 0.033693 0.035200
2 0.677898 0.583200 0.029650 0.036800
2 0.564016 0.585600 0.025606 0.032000
2 0.551887 0.596800 0.033693 0.035200
2 0.541105 0.601600 0.036388 0.035200
2 0.539084 0.614400 0.037736 0.038400
2 0.502022 0.593600 0.033693 0.035200
1 0.485175 0.574400 0.040431 0.051200
2 0.475741 0.602400 0.040431 0.036800
2 0.495283 0.622400 0.039084 0.041600
2 0.528976 0.656000 0.049865 0.048000
2 0.449461 0.630400 0.047170 0.051200
2 0.419137 0.588000 0.029650 0.040000
2 0.451482 0.588800 0.026954 0.032000
2 0.409704 0.610400 0.040431 0.036800
2 0.383423 0.628000 0.033693 0.040000
2 0.370620 0.637600 0.040431 0.059200
2 0.447439 0.659200 0.045822 0.048000
1 0.395553 0.708000 0.057951 0.094400
2 0.495283 0.758400 0.071429 0.073600
2 0.474394 0.808000 0.067385 0.064000
2 0.361860 0.769600 0.063342 0.080000
2 0.303235 0.720800 0.053908 0.068800
2 0.323450 0.707200 0.043127 0.054400
2 0.460243 0.884800 0.079515 0.076800
2 0.425876 0.952800 0.094340 0.094400
2 0.280323 0.924000 0.088949 0.084800
2 0.178571 0.857600 0.074124 0.096000
2 0.105795 0.815200 0.049865 0.043200
4 0.143531 0.772800 0.012129 0.038400
