4 0.757324 0.685606 0.104492 0.422727
4 0.640137 0.675758 0.079102 0.369697
4 0.435547 0.687121 0.123047 0.574242
4 0.369141 0.684848 0.082031 0.427273
4 0.294434 0.656818 0.194336 0.686364
4 0.106445 0.673485 0.210938 0.640909
4 0.886230 0.667424 0.032227 0.125758
4 0.957031 0.675758 0.041016 0.136364
4 0.947754 0.675000 0.032227 0.110606
4 0.988281 0.668939 0.023438 0.137879
2 0.714355 0.685606 0.055664 0.046970
2 0.695312 0.680303 0.046875 0.042424
4 0.520996 0.680303 0.006836 0.030303
2 0.224121 0.666667 0.012695 0.015152
