4 0.248095 0.779624 0.113333 0.270231
0 0.237619 0.874277 0.248571 0.219653
4 0.499048 0.784682 0.099048 0.283237
0 0.486190 0.864162 0.229524 0.222543
4 0.853333 0.802746 0.087619 0.296243
0 0.844286 0.866329 0.216190 0.200867
4 0.311429 0.632225 0.019048 0.082370
4 0.372381 0.632948 0.022857 0.083815
4 0.395238 0.636561 0.015238 0.079480
4 0.568095 0.632225 0.023810 0.076590
4 0.583810 0.632225 0.020952 0.079480
4 0.624762 0.637283 0.019048 0.072254
4 0.618571 0.637283 0.020000 0.072254
1 0.590476 0.598988 0.064762 0.073699
4 0.779524 0.640173 0.016190 0.075145
4 0.805238 0.646676 0.018095 0.053468
4 0.821429 0.642341 0.023810 0.070809
4 0.857143 0.640173 0.020952 0.072254
4 0.926667 0.637283 0.020952 0.078035
4 0.948571 0.639451 0.020952 0.082370
4 0.986667 0.646676 0.017143 0.082370
4 0.972857 0.643064 0.016190 0.072254
1 0.820952 0.609104 0.062857 0.065029
