4 0.217773 0.720052 0.132812 0.559896
4 0.309082 0.714844 0.120117 0.554688
4 0.417480 0.699219 0.120117 0.565104
4 0.498047 0.683594 0.115234 0.502604
4 0.585938 0.700521 0.138672 0.562500
4 0.673340 0.733073 0.110352 0.510417
4 0.757324 0.744141 0.129883 0.511719
4 0.516602 0.735677 0.107422 0.528646
4 0.353027 0.753906 0.143555 0.492188
4 0.456055 0.752604 0.150391 0.494792
4 0.519531 0.830078 0.107422 0.339844
4 0.608398 0.759766 0.128906 0.480469
4 0.716797 0.776042 0.152344 0.447917
4 0.843750 0.753906 0.173828 0.492188
