2 0.175510 0.757282 0.028571 0.032362
2 0.128571 0.757282 0.036735 0.038835
2 0.023469 0.775081 0.042857 0.067961
2 0.031633 0.766990 0.059184 0.071197
2 0.047959 0.760518 0.075510 0.058252
2 0.216327 0.757282 0.032653 0.045307
2 0.367347 0.805825 0.195918 0.129450
2 0.346939 0.810680 0.183673 0.119741
2 0.305102 0.794498 0.153061 0.087379
2 0.280612 0.776699 0.112245 0.077670
2 0.502041 0.783172 0.126531 0.077670
2 0.573469 0.791262 0.175510 0.139159
2 0.747959 0.768608 0.108163 0.093851
2 0.645918 0.813916 0.210204 0.119741
2 0.881633 0.859223 0.232653 0.281553
