2 0.448167 0.572593 0.170670 0.164444
2 0.779393 0.568889 0.104930 0.091852
1 0.944374 0.495556 0.111252 0.173333
1 0.717446 0.491111 0.264223 0.208889
1 0.424147 0.514815 0.335019 0.238519
2 0.122630 0.648148 0.242731 0.229630
4 0.047408 0.583704 0.061947 0.177778
4 0.113148 0.590370 0.072061 0.182222
4 0.179520 0.580741 0.065740 0.192593
4 0.341340 0.588148 0.058154 0.201481
4 0.556258 0.620000 0.078382 0.265185
2 0.867257 0.594074 0.166877 0.130370
2 0.688369 0.584444 0.188369 0.128889
4 0.654867 0.585926 0.073325 0.197037
4 0.531606 0.629630 0.079646 0.302222
4 0.446271 0.608148 0.058154 0.191111
4 0.471555 0.625185 0.080910 0.260741
4 0.391909 0.637778 0.088496 0.285926
4 0.320480 0.630370 0.082174 0.285926
4 0.236410 0.662963 0.106195 0.360000
4 0.185841 0.630370 0.058154 0.288889
1 0.922250 0.462963 0.155499 0.125926
1 0.198483 0.469630 0.366625 0.192593
