4 0.342500 0.367816 0.065000 0.176245
3 0.343750 0.400383 0.057500 0.141762
2 0.398750 0.373563 0.197500 0.141762
2 0.545000 0.363985 0.190000 0.122605
2 0.680000 0.360153 0.195000 0.137931
4 0.245000 0.383142 0.060000 0.237548
0 0.246250 0.444444 0.057500 0.168582
4 0.182500 0.392720 0.075000 0.287356
0 0.186250 0.475096 0.077500 0.206897
4 0.101250 0.373563 0.062500 0.218391
0 0.103750 0.429119 0.052500 0.168582
4 0.873750 0.459770 0.097500 0.383142
4 0.513750 0.563218 0.182500 0.605364
3 0.522500 0.706897 0.180000 0.494253
