1 0.353333 0.485014 0.040000 0.076294
1 0.298333 0.554496 0.043333 0.079019
2 0.386667 0.583106 0.026667 0.038147
2 0.385000 0.758856 0.036667 0.051771
2 0.130000 0.862398 0.056667 0.079019
2 0.519167 0.555858 0.025000 0.032698
2 0.535000 0.495913 0.026667 0.038147
1 0.595833 0.587193 0.048333 0.089918
1 0.566667 0.487738 0.040000 0.081744
1 0.615000 0.497275 0.040000 0.068120
1 0.593333 0.445504 0.036667 0.062670
1 0.483333 0.405995 0.033333 0.070845
1 0.534167 0.704360 0.055000 0.128065
1 0.469167 0.783379 0.075000 0.144414
1 0.340833 0.783379 0.091667 0.193460
1 0.187500 0.794278 0.141667 0.275204
