2 0.848413 0.917598 0.077778 0.097765
1 0.815079 0.740223 0.100000 0.162011
2 0.691270 0.678771 0.036508 0.050279
2 0.501587 0.761173 0.044444 0.069832
2 0.434921 0.747207 0.044444 0.064246
2 0.437302 0.719274 0.042857 0.053073
2 0.467460 0.678771 0.039683 0.061453
2 0.358730 0.657821 0.034921 0.053073
2 0.434127 0.824022 0.052381 0.078212
2 0.454762 0.907821 0.071429 0.111732
2 0.336508 0.913408 0.069841 0.106145
2 0.331746 0.831006 0.057143 0.081006
2 0.342063 0.769553 0.049206 0.069832
2 0.207143 0.952514 0.071429 0.094972
1 0.203968 0.708101 0.061905 0.125698
