4 0.500000 0.618959 0.018131 0.048327
4 0.670153 0.623606 0.009763 0.024164
4 0.684798 0.621747 0.011158 0.027881
4 0.712692 0.619888 0.011158 0.024164
4 0.129010 0.722119 0.023710 0.105948
4 0.182706 0.681227 0.013947 0.053903
4 0.670153 0.652416 0.018131 0.052045
4 0.653417 0.656134 0.018131 0.048327
4 0.850070 0.692379 0.037657 0.087361
4 0.516736 0.706320 0.029289 0.085502
2 0.029289 0.717472 0.055788 0.074349
2 0.184100 0.718401 0.097629 0.091078
2 0.832636 0.696097 0.103208 0.068773
2 0.903068 0.694238 0.115760 0.065056
2 0.956764 0.683086 0.086471 0.068773
2 0.633194 0.702602 0.094840 0.066914
2 0.542538 0.706320 0.080893 0.066914
2 0.454672 0.714684 0.080893 0.072491
2 0.344491 0.708178 0.075314 0.089219
2 0.187587 0.757435 0.246862 0.139405
2 0.975593 0.796468 0.048815 0.120818
