4 0.884487 0.620307 0.103795 0.506826
4 0.833705 0.592150 0.087054 0.501706
4 0.555804 0.540956 0.136161 0.447099
4 0.470424 0.539249 0.110491 0.440273
4 0.472098 0.514505 0.107143 0.407850
4 0.544643 0.530717 0.071429 0.395904
4 0.330357 0.490614 0.064732 0.261092
4 0.113839 0.465017 0.044643 0.216724
4 0.034598 0.433447 0.033482 0.129693
2 0.085379 0.452218 0.119420 0.184300
2 0.204799 0.496587 0.222098 0.269625
2 0.364397 0.501706 0.150670 0.197952
2 0.353795 0.465017 0.151786 0.206485
2 0.682478 0.555461 0.213170 0.315700
2 0.871652 0.562287 0.256696 0.513652
