4 0.531915 0.662338 0.210638 0.675325
3 0.548404 0.769944 0.247872 0.460111
2 0.812766 0.548237 0.302128 0.365492
2 0.934043 0.413729 0.131915 0.233766
2 0.612766 0.461967 0.221277 0.352505
4 0.291489 0.528757 0.117021 0.371058
4 0.282447 0.506494 0.122340 0.352505
3 0.286702 0.607607 0.118085 0.350649
4 0.157447 0.500000 0.089362 0.313544
3 0.160106 0.578850 0.098936 0.270872
2 0.313830 0.465677 0.185106 0.204082
2 0.338830 0.385900 0.135106 0.152134
2 0.089894 0.438776 0.128723 0.153989
2 0.055851 0.401670 0.109574 0.191095
