2 0.566176 0.943357 0.142157 0.074150
2 0.791667 0.902678 0.151961 0.089598
2 0.706699 0.799176 0.129085 0.072091
2 0.623366 0.759011 0.096405 0.049434
2 0.462418 0.762101 0.101307 0.059732
2 0.513889 0.719361 0.083333 0.038105
2 0.553922 0.685376 0.071895 0.038105
2 0.344771 0.702369 0.075163 0.035015
2 0.416667 0.677652 0.065359 0.032956
2 0.524510 0.650360 0.065359 0.036045
2 0.456699 0.657055 0.063725 0.035015
2 0.416667 0.648816 0.055556 0.028836
2 0.352941 0.656025 0.065359 0.032956
2 0.375817 0.635427 0.055556 0.024717
2 0.339052 0.624614 0.047386 0.025747
1 0.366830 0.615860 0.044118 0.022657
2 0.281046 0.616890 0.039216 0.020597
2 0.277778 0.673532 0.045752 0.032956
2 0.247549 0.625129 0.034314 0.018538
