2 0.014516 0.768919 0.025806 0.051351
2 0.043548 0.856757 0.067742 0.075676
2 0.109677 0.802703 0.054839 0.059459
2 0.173387 0.804054 0.066129 0.067568
2 0.246774 0.775676 0.045161 0.054054
2 0.269355 0.752703 0.035484 0.040541
1 0.275000 0.722973 0.095161 0.083784
2 0.355645 0.737838 0.037097 0.043243
2 0.341935 0.729730 0.022581 0.037838
2 0.415323 0.720270 0.027419 0.029730
2 0.400806 0.685135 0.030645 0.045946
2 0.429032 0.701351 0.025806 0.029730
2 0.475806 0.681081 0.022581 0.027027
2 0.567742 0.656757 0.019355 0.027027
2 0.600806 0.658108 0.017742 0.018919
1 0.662097 0.714865 0.053226 0.094595
2 0.704032 0.659459 0.014516 0.021622
2 0.630645 0.708108 0.029032 0.048649
2 0.596774 0.710811 0.029032 0.032432
2 0.595968 0.747297 0.033871 0.045946
2 0.544355 0.745946 0.033871 0.037838
2 0.502419 0.767568 0.040323 0.054054
2 0.561290 0.845946 0.054839 0.075676
2 0.330645 0.960811 0.090323 0.078378
2 0.270161 0.754054 0.033871 0.043243
