4 0.666667 0.558537 0.353623 0.882927
4 0.254348 0.567073 0.253623 0.865854
4 0.884783 0.689024 0.157971 0.621951
4 0.935507 0.740244 0.062319 0.348780
4 0.815217 0.668293 0.097101 0.600000
4 0.558696 0.691463 0.056522 0.251220
4 0.620290 0.682927 0.037681 0.209756
4 0.092754 0.691463 0.063768 0.192683
4 0.138406 0.660976 0.042029 0.156098
3 0.092754 0.709756 0.069565 0.156098
3 0.159420 0.701220 0.052174 0.139024
2 0.436957 0.702439 0.163768 0.209756
1 0.486957 0.600000 0.078261 0.146341
1 0.447826 0.587805 0.101449 0.195122
1 0.349275 0.600000 0.162319 0.317073
