2 0.758621 0.363083 0.026525 0.040568
4 0.797082 0.382353 0.018568 0.079108
4 0.894562 0.378296 0.017241 0.058824
4 0.909814 0.370183 0.013263 0.050710
4 0.954907 0.354970 0.010610 0.036511
4 0.975464 0.356998 0.009284 0.036511
4 0.944960 0.351927 0.011936 0.038540
2 0.324271 0.434077 0.086207 0.093306
2 0.309682 0.388438 0.041114 0.042596
2 0.257958 0.407708 0.064987 0.056795
2 0.206233 0.425963 0.094164 0.052738
2 0.217507 0.404665 0.071618 0.050710
2 0.153846 0.403651 0.071618 0.056795
2 0.100133 0.469574 0.173740 0.131846
1 0.068966 0.390467 0.111406 0.087221
2 0.728780 0.371197 0.022546 0.032454
4 0.829576 0.563895 0.123342 0.482759
4 0.852122 0.612576 0.187003 0.713996
4 0.631300 0.668357 0.206897 0.659229
1 0.030504 0.426978 0.058355 0.139959
