2 0.414773 0.482315 0.220455 0.192926
4 0.402273 0.509646 0.109091 0.292605
0 0.388636 0.599678 0.122727 0.221865
4 0.305682 0.538585 0.120455 0.311897
0 0.300000 0.625402 0.109091 0.241158
4 0.236364 0.540193 0.127273 0.405145
0 0.232955 0.655949 0.134091 0.308682
4 0.163636 0.606109 0.140909 0.485531
0 0.172727 0.734727 0.136364 0.344051
4 0.637500 0.594855 0.143182 0.508039
0 0.645455 0.718650 0.163636 0.363344
4 0.727273 0.520900 0.154545 0.411576
0 0.729545 0.628617 0.150000 0.279743
4 0.884091 0.519293 0.113636 0.363344
0 0.882955 0.615756 0.170455 0.260450
4 0.931818 0.501608 0.095455 0.321543
0 0.935227 0.594855 0.129545 0.231511
