4 0.288830 0.719925 0.139362 0.560150
4 0.898404 0.575188 0.103191 0.293233
0 0.898936 0.626880 0.187234 0.272556
4 0.727128 0.546053 0.039362 0.246241
4 0.759043 0.546992 0.041489 0.248120
4 0.793085 0.547932 0.041489 0.242481
4 0.836170 0.538534 0.046809 0.272556
2 0.927660 0.500000 0.104255 0.214286
2 0.694149 0.501880 0.088298 0.180451
2 0.529787 0.468985 0.072340 0.118421
2 0.357447 0.475564 0.078723 0.112782
4 0.160106 0.488722 0.030851 0.154135
4 0.045213 0.519737 0.028723 0.193609
4 0.023936 0.510338 0.030851 0.201128
1 0.040957 0.420113 0.079787 0.381579
