4 0.763598 0.633403 0.020921 0.073529
4 0.777545 0.631303 0.012552 0.077731
4 0.783821 0.631303 0.011158 0.077731
4 0.699442 0.603992 0.009763 0.044118
4 0.655509 0.605042 0.011158 0.050420
4 0.665272 0.606092 0.011158 0.056723
4 0.672245 0.608193 0.011158 0.052521
4 0.502092 0.626050 0.019526 0.075630
4 0.491632 0.632353 0.015342 0.079832
4 0.048815 0.632353 0.016736 0.084034
4 0.111576 0.630252 0.027894 0.109244
4 0.094840 0.631303 0.025105 0.111345
4 0.214086 0.608193 0.015342 0.052521
4 0.198047 0.607143 0.013947 0.054622
4 0.239888 0.615546 0.016736 0.054622
4 0.254533 0.619748 0.015342 0.046218
4 0.268480 0.619748 0.012552 0.046218
4 0.406555 0.622899 0.012552 0.060924
4 0.412134 0.621849 0.012552 0.058824
4 0.069038 0.611345 0.012552 0.058824
4 0.080893 0.616597 0.013947 0.060924
4 0.897490 0.616597 0.015342 0.060924
4 0.537657 0.787815 0.124128 0.382353
0 0.541144 0.871849 0.273361 0.256303
