1 0.320968 0.612778 0.080645 0.056667
1 0.240323 0.614444 0.070968 0.060000
1 0.195968 0.641667 0.079032 0.054444
1 0.147581 0.692778 0.095161 0.081111
1 0.787097 0.608889 0.070968 0.060000
1 0.863710 0.685000 0.104839 0.078889
2 0.611290 0.595000 0.041935 0.023333
2 0.548387 0.596111 0.045161 0.023333
1 0.681452 0.683889 0.072581 0.058889
2 0.679839 0.712222 0.059677 0.033333
2 0.681452 0.720556 0.062903 0.036667
2 0.692742 0.749444 0.075806 0.036667
2 0.704032 0.767222 0.069355 0.043333
2 0.716129 0.787222 0.090323 0.047778
2 0.734677 0.821111 0.095161 0.062222
2 0.777419 0.880556 0.103226 0.052222
2 0.801613 0.741111 0.080645 0.046667
2 0.819355 0.756667 0.080645 0.046667
2 0.847581 0.776111 0.069355 0.045556
2 0.862097 0.795556 0.101613 0.057778
2 0.866129 0.815000 0.090323 0.061111
2 0.584677 0.657222 0.059677 0.034444
2 0.575806 0.689444 0.061290 0.034444
2 0.578226 0.719444 0.066129 0.027778
2 0.578226 0.740556 0.072581 0.043333
2 0.590323 0.771667 0.080645 0.043333
2 0.613710 0.801111 0.091935 0.051111
2 0.601613 0.830556 0.093548 0.058889
2 0.629839 0.866667 0.098387 0.062222
2 0.644355 0.915556 0.098387 0.068889
2 0.466935 0.663333 0.066129 0.037778
2 0.461290 0.695000 0.061290 0.047778
2 0.452419 0.734444 0.075806 0.044444
2 0.453226 0.766111 0.074194 0.041111
2 0.444355 0.790000 0.079032 0.055556
2 0.412903 0.832778 0.080645 0.058889
2 0.394355 0.658333 0.056452 0.032222
2 0.384677 0.679444 0.056452 0.038889
2 0.366129 0.697222 0.061290 0.025556
2 0.366129 0.716111 0.064516 0.043333
2 0.289516 0.668333 0.046774 0.034444
2 0.290323 0.692222 0.058065 0.035556
2 0.272581 0.711667 0.058065 0.041111
2 0.229032 0.745000 0.083871 0.072222
2 0.300000 0.803333 0.106452 0.077778
2 0.432258 0.850556 0.087097 0.067778
2 0.287097 0.844444 0.083871 0.068889
2 0.176613 0.811667 0.091935 0.047778
2 0.166129 0.876111 0.109677 0.056667
2 0.796774 0.902778 0.103226 0.063333
2 0.890323 0.848889 0.090323 0.053333
2 0.964516 0.946111 0.070968 0.063333
2 0.681452 0.970000 0.124194 0.060000
