2 0.792727 0.463415 0.018182 0.036585
2 0.760000 0.471037 0.018182 0.021341
2 0.838182 0.503049 0.018182 0.030488
2 0.892727 0.556402 0.018182 0.039634
2 0.930909 0.614329 0.029091 0.051829
1 0.935455 0.577744 0.045455 0.057927
1 0.951818 0.564024 0.070909 0.085366
2 0.917273 0.657012 0.027273 0.033537
2 0.915455 0.701220 0.027273 0.042683
2 0.936364 0.759146 0.032727 0.048780
1 0.348182 0.446646 0.063636 0.045732
2 0.212727 0.498476 0.029091 0.027439
2 0.170000 0.425305 0.027273 0.027439
2 0.136364 0.448171 0.018182 0.024390
2 0.150909 0.553354 0.021818 0.039634
4 0.175455 0.586890 0.012727 0.039634
4 0.148182 0.614329 0.012727 0.033537
4 0.110909 0.557927 0.010909 0.036585
4 0.560000 0.987805 0.010909 0.024390
4 0.937273 0.893293 0.016364 0.048780
4 0.501818 0.925305 0.018182 0.039634
3 0.496364 0.925305 0.029091 0.039634
2 0.300909 0.760671 0.041818 0.039634
1 0.147273 0.684451 0.058182 0.118902
1 0.355455 0.794207 0.107273 0.100610
2 0.480000 0.815549 0.065455 0.064024
2 0.580000 0.824695 0.054545 0.045732
2 0.635455 0.852134 0.063636 0.057927
2 0.352727 0.882622 0.087273 0.064024
2 0.383636 0.960366 0.072727 0.060976
2 0.196364 0.932927 0.076364 0.060976
2 0.695455 0.801829 0.056364 0.054878
2 0.747273 0.849085 0.054545 0.057927
2 0.776364 0.777439 0.050909 0.054878
2 0.805455 0.797256 0.047273 0.051829
2 0.847273 0.762195 0.043636 0.060976
