4 0.194444 0.633459 0.281145 0.733083
4 0.677609 0.628759 0.240741 0.674812
4 0.893939 0.627820 0.208754 0.612782
4 0.861111 0.449248 0.072391 0.218045
4 0.783670 0.505639 0.106061 0.353383
4 0.558923 0.557331 0.141414 0.453008
4 0.429293 0.555451 0.178451 0.456767
4 0.352694 0.525376 0.119529 0.453008
4 0.507576 0.489662 0.079125 0.343985
4 0.601852 0.466165 0.069024 0.293233
4 0.633838 0.459586 0.058923 0.268797
4 0.595960 0.382519 0.053872 0.223684
4 0.627946 0.401316 0.060606 0.216165
4 0.742424 0.423872 0.053872 0.253759
