4 0.353524 0.570652 0.019824 0.028986
4 0.411894 0.572464 0.017621 0.032609
4 0.180617 0.596014 0.030837 0.065217
4 0.124449 0.578804 0.028634 0.059783
4 0.448238 0.573370 0.033040 0.023551
1 0.238987 0.557971 0.077093 0.054348
2 0.784141 0.578804 0.066079 0.034420
2 0.887665 0.585145 0.074890 0.043478
4 0.930617 0.578804 0.019824 0.038043
4 0.948238 0.574275 0.019824 0.032609
2 0.575991 0.615942 0.125551 0.072464
4 0.284141 0.616848 0.044053 0.081522
4 0.236784 0.612319 0.055066 0.083333
0 0.230176 0.625000 0.046256 0.057971
4 0.345815 0.733696 0.092511 0.195652
