1 0.401829 0.838803 0.020732 0.036680
1 0.382927 0.821429 0.021951 0.036680
1 0.353659 0.863900 0.021951 0.040541
2 0.443902 0.862934 0.014634 0.023166
2 0.440854 0.848456 0.015854 0.021236
2 0.481707 0.864865 0.014634 0.019305
2 0.501829 0.888031 0.013415 0.023166
2 0.143902 0.940154 0.041463 0.050193
2 0.200610 0.938224 0.037805 0.046332
1 0.278049 0.872587 0.119512 0.169884
2 0.382317 0.918919 0.064634 0.077220
2 0.455488 0.919884 0.062195 0.075290
2 0.573780 0.908301 0.071951 0.090734
2 0.663415 0.918919 0.068293 0.077220
2 0.734756 0.924710 0.059756 0.069498
4 0.867683 0.669884 0.264634 0.652510
2 0.053659 0.945946 0.090244 0.046332
