1 0.423656 0.228033 0.030108 0.062762
2 0.469892 0.223849 0.023656 0.054393
2 0.493548 0.211297 0.023656 0.046025
2 0.516129 0.230126 0.025806 0.041841
2 0.431183 0.284519 0.032258 0.050209
2 0.437634 0.317992 0.032258 0.050209
2 0.500000 0.336820 0.032258 0.054393
2 0.534409 0.301255 0.032258 0.050209
2 0.489247 0.361925 0.036559 0.046025
1 0.482796 0.290795 0.036559 0.079498
2 0.436559 0.387029 0.034409 0.054393
2 0.436559 0.426778 0.030108 0.058577
2 0.458065 0.430962 0.038710 0.050209
2 0.450538 0.485356 0.040860 0.092050
2 0.543011 0.504184 0.053763 0.087866
2 0.538710 0.556485 0.062366 0.100418
2 0.460215 0.533473 0.055914 0.087866
2 0.684946 0.470711 0.049462 0.079498
2 0.719355 0.493724 0.053763 0.075314
2 0.739785 0.512552 0.051613 0.104603
2 0.761290 0.508368 0.051613 0.079498
2 0.821505 0.533473 0.051613 0.079498
2 0.824731 0.487448 0.049462 0.071130
2 0.762366 0.437238 0.036559 0.062762
2 0.793548 0.460251 0.038710 0.066946
2 0.849462 0.510460 0.043011 0.075314
2 0.326882 0.286611 0.034409 0.037657
2 0.289247 0.234310 0.027957 0.050209
2 0.232258 0.263598 0.030108 0.041841
2 0.274194 0.294979 0.032258 0.046025
2 0.260215 0.324268 0.030108 0.037657
2 0.264516 0.351464 0.038710 0.058577
2 0.230108 0.410042 0.038710 0.058577
2 0.165591 0.673640 0.060215 0.108787
2 0.107527 0.378661 0.047312 0.046025
2 0.581720 0.629707 0.070968 0.154812
2 0.467742 0.713389 0.088172 0.121339
2 0.637634 0.751046 0.088172 0.146444
2 0.695699 0.600418 0.066667 0.096234
2 0.754839 0.640167 0.073118 0.125523
2 0.819355 0.589958 0.064516 0.092050
2 0.806452 0.797071 0.094624 0.205021
2 0.659140 0.891213 0.113978 0.175732
2 0.849462 0.887029 0.098925 0.209205
2 0.490323 0.926778 0.129032 0.146444
2 0.194624 0.338912 0.032258 0.058577
2 0.223656 0.439331 0.038710 0.066946
2 0.177419 0.472803 0.045161 0.092050
2 0.138710 0.439331 0.045161 0.066946
2 0.101075 0.476987 0.047312 0.075314
2 0.143011 0.558577 0.062366 0.121339
2 0.048387 0.604603 0.075269 0.121339
2 0.033333 0.709205 0.062366 0.138075
