2 0.742727 0.587193 0.136364 0.182561
2 0.784545 0.648501 0.172727 0.201635
2 0.741818 0.717984 0.170909 0.198910
2 0.800909 0.855586 0.187273 0.228883
2 0.787273 0.931880 0.189091 0.136240
2 0.866364 0.557221 0.107273 0.138965
2 0.951818 0.683924 0.096364 0.190736
2 0.966364 0.580381 0.067273 0.130790
2 0.618182 0.559946 0.098182 0.133515
2 0.541818 0.538147 0.112727 0.177112
2 0.513636 0.542234 0.110909 0.185286
2 0.482727 0.564033 0.114545 0.152589
2 0.458182 0.564033 0.109091 0.130790
2 0.392727 0.566757 0.123636 0.152589
2 0.324545 0.584469 0.169091 0.182561
2 0.028182 0.570845 0.052727 0.149864
2 0.139091 0.584469 0.176364 0.220708
