4 0.029882 0.940816 0.058081 0.118367
1 0.892256 0.824490 0.028620 0.024490
2 0.890572 0.834184 0.016835 0.017347
2 0.929714 0.829592 0.017677 0.016327
2 0.916246 0.832143 0.017677 0.019388
2 0.904461 0.835204 0.022727 0.021429
2 0.876684 0.838776 0.031145 0.028571
2 0.970539 0.823980 0.015152 0.015306
2 0.976431 0.827041 0.015152 0.015306
2 0.992003 0.825510 0.014310 0.014286
2 0.959175 0.836224 0.039562 0.031633
4 0.938552 0.884694 0.048822 0.110204
3 0.942340 0.897449 0.105219 0.082653
4 0.852273 0.837245 0.005892 0.021429
1 0.843855 0.831122 0.019360 0.029592
2 0.831650 0.843878 0.035354 0.026531
2 0.795034 0.846939 0.036195 0.028571
2 0.744108 0.851531 0.057239 0.047959
2 0.765572 0.862755 0.085017 0.056122
2 0.700758 0.931122 0.335859 0.133673
2 0.682239 0.850510 0.064815 0.045918
1 0.695286 0.834694 0.090909 0.053061
4 0.634680 0.855102 0.020202 0.034694
3 0.633838 0.865816 0.020202 0.031633
1 0.589646 0.847959 0.142256 0.075510
2 0.533249 0.872449 0.042929 0.038776
2 0.496633 0.877041 0.095960 0.050000
2 0.390152 0.882143 0.123737 0.070408
4 0.256734 0.887245 0.016835 0.070408
1 0.379630 0.856122 0.232323 0.108163
2 0.191077 0.895408 0.146465 0.092857
1 0.128367 0.876020 0.106902 0.076531
2 0.045034 0.886735 0.088384 0.130612
