2 0.362500 0.840000 0.028333 0.040000
2 0.344167 0.848750 0.021667 0.032500
2 0.319167 0.855000 0.035000 0.040000
4 0.131667 0.883750 0.020000 0.082500
0 0.143333 0.900000 0.023333 0.060000
2 0.559167 0.882500 0.061667 0.075000
4 0.569167 0.901250 0.025000 0.082500
4 0.611667 0.898750 0.020000 0.082500
4 0.636667 0.896250 0.026667 0.082500
2 0.625000 0.891250 0.090000 0.082500
2 0.761667 0.907500 0.113333 0.115000
4 0.495833 0.878750 0.025000 0.077500
0 0.496667 0.893750 0.023333 0.062500
2 0.859167 0.893750 0.281667 0.212500
2 0.240000 0.896250 0.093333 0.107500
4 0.324167 0.900000 0.038333 0.090000
0 0.322500 0.920000 0.071667 0.080000
