4 0.701637 0.470982 0.043155 0.080357
4 0.573661 0.464844 0.043155 0.092634
4 0.340030 0.479353 0.040179 0.099330
4 0.219494 0.485491 0.063988 0.113839
4 0.976190 0.491071 0.047619 0.051339
4 0.843750 0.486607 0.056548 0.140625
4 0.841518 0.481027 0.058036 0.142857
4 0.916667 0.487165 0.065476 0.177455
4 0.929315 0.492188 0.066964 0.156250
4 0.822173 0.670759 0.188988 0.281250
4 0.779018 0.564174 0.150298 0.376116
4 0.650298 0.581473 0.157738 0.339286
4 0.516369 0.591518 0.116071 0.339286
4 0.486607 0.541853 0.127976 0.297991
4 0.401786 0.601562 0.139881 0.341518
4 0.279018 0.590402 0.159226 0.334821
4 0.270833 0.568638 0.119048 0.306920
4 0.263393 0.672433 0.205357 0.244420
4 0.190476 0.545201 0.104167 0.233259
4 0.119792 0.527902 0.096726 0.254464
4 0.138393 0.650670 0.110119 0.267857
4 0.067708 0.583705 0.132440 0.383929
