4 0.797276 0.560256 0.017628 0.058974
4 0.766827 0.557692 0.017628 0.043590
4 0.891827 0.560256 0.020833 0.058974
3 0.895833 0.573077 0.038462 0.043590
2 0.393429 0.557692 0.027244 0.033333
2 0.219551 0.591026 0.044872 0.053846
2 0.164263 0.600000 0.078526 0.056410
2 0.064904 0.610256 0.104167 0.071795
2 0.028045 0.610256 0.052885 0.071795
2 0.468750 0.539744 0.014423 0.017949
2 0.533654 0.539744 0.012821 0.023077
1 0.597756 0.530769 0.019231 0.035897
4 0.451923 0.587179 0.025641 0.082051
4 0.325321 0.605128 0.019231 0.107692
2 0.244391 0.601282 0.065705 0.064103
2 0.318109 0.596154 0.065705 0.069231
2 0.120994 0.651282 0.197115 0.117949
2 0.504006 0.648718 0.232372 0.123077
2 0.552083 0.619231 0.165064 0.115385
2 0.897436 0.792308 0.198718 0.358974
