4 0.959732 0.821918 0.080537 0.356164
4 0.863535 0.828767 0.098434 0.342466
4 0.831096 0.813356 0.100671 0.373288
4 0.736018 0.835616 0.085011 0.328767
4 0.672260 0.816781 0.109620 0.366438
4 0.631991 0.840753 0.078300 0.311644
4 0.588367 0.852740 0.062640 0.294521
4 0.549217 0.833904 0.123043 0.332192
4 0.513423 0.840753 0.078300 0.311644
4 0.451902 0.845890 0.076063 0.308219
4 0.375839 0.823630 0.098434 0.352740
4 0.300895 0.847603 0.073826 0.304795
4 0.272931 0.851027 0.062640 0.297945
4 0.230425 0.851027 0.076063 0.297945
4 0.209172 0.854452 0.064877 0.291096
4 0.124161 0.825342 0.100671 0.349315
4 0.076063 0.856164 0.067114 0.287671
4 0.029083 0.818493 0.053691 0.363014
4 0.050336 0.840753 0.060403 0.318493
4 0.161074 0.842466 0.076063 0.315068
2 0.906040 0.710616 0.071588 0.051370
