2 0.531180 0.580000 0.037862 0.046667
2 0.677060 0.576667 0.040089 0.046667
1 0.848552 0.558333 0.053452 0.083333
1 0.583519 0.558333 0.071269 0.096667
4 0.037862 0.608333 0.031180 0.090000
4 0.203786 0.603333 0.020045 0.093333
4 0.229399 0.603333 0.031180 0.100000
4 0.349666 0.600000 0.026726 0.093333
4 0.423163 0.601667 0.022272 0.090000
4 0.457684 0.601667 0.024499 0.090000
4 0.486637 0.598333 0.028953 0.090000
4 0.500000 0.596667 0.024499 0.093333
4 0.535635 0.600000 0.028953 0.086667
4 0.552339 0.600000 0.026726 0.086667
4 0.625835 0.593333 0.026726 0.100000
4 0.640312 0.601667 0.028953 0.090000
4 0.682628 0.598333 0.033408 0.096667
4 0.795100 0.598333 0.022272 0.090000
4 0.877506 0.596667 0.026726 0.093333
4 0.897550 0.596667 0.022272 0.093333
4 0.919822 0.596667 0.022272 0.086667
4 0.938753 0.593333 0.024499 0.093333
4 0.951002 0.595000 0.022272 0.090000
4 0.964365 0.595000 0.026726 0.103333
4 0.979955 0.595000 0.022272 0.096667
4 0.584633 0.741667 0.122494 0.336667
0 0.574610 0.833333 0.267261 0.253333
