4 0.598380 0.765193 0.076389 0.248619
4 0.871528 0.495856 0.057870 0.162983
4 0.931713 0.422652 0.048611 0.138122
4 0.734954 0.352210 0.039352 0.118785
4 0.467593 0.433702 0.060185 0.127072
4 0.678241 0.219613 0.037037 0.080110
4 0.527778 0.218232 0.032407 0.088398
4 0.818287 0.157459 0.034722 0.082873
4 0.725694 0.107735 0.025463 0.060773
3 0.462963 0.459945 0.064815 0.096685
2 0.965278 0.305249 0.069444 0.129834
0 0.931713 0.446133 0.048611 0.107735
0 0.733796 0.370166 0.037037 0.088398
3 0.679398 0.230663 0.034722 0.069061
0 0.526620 0.234807 0.034722 0.071823
