2 0.660227 0.931106 0.152273 0.129436
2 0.900000 0.693111 0.077273 0.058455
2 0.806818 0.616910 0.059091 0.043841
2 0.890909 0.575157 0.054545 0.048017
2 0.975000 0.585595 0.045455 0.035491
2 0.903409 0.542797 0.047727 0.037578
2 0.892045 0.518789 0.034091 0.031315
2 0.842045 0.512526 0.034091 0.027140
2 0.853409 0.495825 0.038636 0.022965
2 0.938636 0.506263 0.036364 0.031315
2 0.929545 0.501044 0.031818 0.025052
2 0.165909 0.955115 0.190909 0.089770
2 0.119318 0.842380 0.134091 0.098121
2 0.134091 0.760960 0.109091 0.077244
2 0.245455 0.779749 0.122727 0.089770
2 0.354545 0.838205 0.127273 0.102296
2 0.431818 0.781837 0.109091 0.077244
2 0.331818 0.731733 0.113636 0.081420
2 0.276136 0.711900 0.075000 0.062630
2 0.403409 0.711900 0.070455 0.062630
2 0.494318 0.729645 0.106818 0.085595
2 0.377273 0.664927 0.072727 0.052192
2 0.563636 0.680585 0.086364 0.062630
2 0.493182 0.656576 0.072727 0.048017
2 0.434091 0.624217 0.059091 0.045929
2 0.529545 0.622129 0.063636 0.045929
2 0.626136 0.627349 0.065909 0.060543
2 0.632955 0.601253 0.061364 0.050104
2 0.600000 0.574113 0.050000 0.037578
2 0.559091 0.550104 0.050000 0.031315
2 0.680682 0.564718 0.047727 0.043841
2 0.644318 0.542797 0.043182 0.029228
2 0.597727 0.532359 0.045455 0.029228
1 0.659091 0.505219 0.063636 0.070981
2 0.715909 0.527140 0.040909 0.031315
2 0.742045 0.507307 0.038636 0.029228
2 0.690909 0.504175 0.040909 0.035491
2 0.050000 0.691023 0.063636 0.041754
2 0.153409 0.680585 0.075000 0.054280
