2 0.066250 0.583019 0.067500 0.071698
2 0.071250 0.554717 0.062500 0.067925
4 0.168750 0.592453 0.027500 0.075472
3 0.165000 0.605660 0.060000 0.064151
2 0.161250 0.583019 0.062500 0.086792
4 0.265000 0.577358 0.030000 0.083019
2 0.257500 0.577358 0.070000 0.075472
4 0.333750 0.581132 0.017500 0.083019
2 0.365000 0.579245 0.065000 0.071698
2 0.465000 0.581132 0.060000 0.075472
2 0.443750 0.577358 0.057500 0.075472
2 0.441250 0.416981 0.032500 0.049057
2 0.553750 0.426415 0.037500 0.045283
2 0.765000 0.500000 0.050000 0.056604
2 0.431250 0.543396 0.062500 0.067925
2 0.422500 0.526415 0.060000 0.071698
2 0.873750 0.518868 0.052500 0.056604
2 0.847500 0.505660 0.050000 0.052830
2 0.835000 0.494340 0.050000 0.052830
2 0.813750 0.494340 0.047500 0.052830
2 0.356250 0.713208 0.087500 0.090566
2 0.358750 0.737736 0.087500 0.101887
2 0.373750 0.775472 0.097500 0.147170
2 0.382500 0.809434 0.110000 0.109434
2 0.385000 0.871698 0.110000 0.135849
2 0.441250 0.888679 0.112500 0.101887
2 0.398750 0.939623 0.132500 0.105660
2 0.472500 0.962264 0.125000 0.067925
2 0.523750 0.701887 0.097500 0.098113
2 0.522500 0.745283 0.100000 0.124528
2 0.563750 0.790566 0.107500 0.154717
2 0.601250 0.824528 0.107500 0.132075
2 0.577500 0.879245 0.115000 0.135849
2 0.612500 0.898113 0.120000 0.128302
2 0.633750 0.937736 0.112500 0.116981
2 0.617500 0.958491 0.125000 0.083019
2 0.687500 0.973585 0.115000 0.052830
2 0.958750 0.960377 0.082500 0.079245
2 0.933750 0.949057 0.132500 0.094340
2 0.875000 0.928302 0.115000 0.098113
2 0.842500 0.909434 0.120000 0.128302
2 0.797500 0.869811 0.120000 0.154717
2 0.731250 0.818868 0.092500 0.120755
2 0.835000 0.815094 0.105000 0.135849
2 0.738750 0.786792 0.092500 0.109434
2 0.706250 0.754717 0.097500 0.143396
2 0.671250 0.718868 0.092500 0.101887
2 0.842500 0.703774 0.095000 0.109434
2 0.871250 0.747170 0.087500 0.113208
2 0.908750 0.766038 0.107500 0.120755
2 0.920000 0.818868 0.105000 0.120755
2 0.960000 0.843396 0.065000 0.124528
2 0.958750 0.720755 0.057500 0.098113
2 0.883750 0.588679 0.107500 0.083019
4 0.621250 0.583019 0.032500 0.086792
4 0.296250 0.673585 0.032500 0.086792
3 0.295000 0.692453 0.075000 0.079245
4 0.055000 0.675472 0.035000 0.090566
3 0.056250 0.694340 0.072500 0.090566
2 0.093750 0.541509 0.052500 0.064151
2 0.165000 0.533962 0.065000 0.064151
2 0.260000 0.543396 0.065000 0.060377
