2 0.974706 0.101549 0.020000 0.020654
2 0.961765 0.088640 0.017647 0.018933
2 0.928824 0.094664 0.020000 0.024096
2 0.949412 0.127367 0.018824 0.020654
2 0.917647 0.134251 0.018824 0.020654
2 0.920000 0.155766 0.021176 0.025818
2 0.903529 0.145439 0.021176 0.022375
2 0.897647 0.121343 0.018824 0.018933
2 0.937647 0.067986 0.016471 0.022375
2 0.901176 0.181583 0.025882 0.025818
2 0.855882 0.152324 0.022353 0.025818
2 0.860588 0.182444 0.024706 0.027539
2 0.872941 0.143718 0.023529 0.025818
2 0.825882 0.180723 0.023529 0.027539
2 0.800588 0.197935 0.024706 0.027539
1 0.836471 0.132530 0.032941 0.048193
1 0.791176 0.166093 0.043529 0.046472
1 0.818824 0.226334 0.023529 0.029260
4 0.875882 0.239243 0.008235 0.024096
3 0.875294 0.245267 0.009412 0.022375
2 0.785294 0.253873 0.027059 0.032702
2 0.771176 0.225473 0.024706 0.030981
2 0.750000 0.245267 0.029412 0.032702
1 0.737059 0.213425 0.041176 0.051635
2 0.754706 0.287435 0.024706 0.034423
4 0.816471 0.307229 0.011765 0.032702
4 0.762353 0.367470 0.016471 0.036145
4 0.547647 0.320998 0.015294 0.032702
4 0.575294 0.294320 0.011765 0.024096
3 0.575882 0.301205 0.010588 0.027539
4 0.517059 0.332186 0.010588 0.030981
4 0.479412 0.364888 0.010588 0.030981
4 0.397059 0.424269 0.012941 0.036145
3 0.397059 0.432014 0.012941 0.034423
4 0.354118 0.452668 0.014118 0.037866
3 0.352941 0.461274 0.018824 0.037866
2 0.715882 0.275387 0.027059 0.034423
2 0.682353 0.300344 0.032941 0.039587
2 0.722353 0.319277 0.030588 0.036145
1 0.697059 0.356282 0.067059 0.082616
2 0.641176 0.383821 0.035294 0.044750
2 0.643529 0.433735 0.042353 0.041308
2 0.612941 0.358003 0.037647 0.041308
2 0.588824 0.382100 0.034118 0.041308
2 0.544706 0.416523 0.037647 0.044750
2 0.561765 0.466437 0.041176 0.037866
2 0.574118 0.493976 0.040000 0.044750
2 0.503529 0.411360 0.040000 0.044750
2 0.497647 0.454389 0.044706 0.051635
2 0.456471 0.444062 0.044706 0.048193
2 0.541176 0.528399 0.044706 0.048193
2 0.411176 0.478485 0.043529 0.051635
2 0.486471 0.584337 0.050588 0.056799
2 0.412941 0.598967 0.056471 0.055077
2 0.384118 0.546472 0.045882 0.053356
2 0.340000 0.535284 0.049412 0.058520
2 0.320588 0.611876 0.055294 0.056799
2 0.589412 0.895009 0.101176 0.055077
1 0.231765 0.582616 0.115294 0.139415
2 0.376471 0.697074 0.058824 0.065404
2 0.271176 0.734940 0.064706 0.072289
2 0.278824 0.787435 0.068235 0.091222
4 0.135882 0.676420 0.020000 0.048193
3 0.135882 0.688468 0.020000 0.044750
2 0.141765 0.764200 0.071765 0.068847
4 0.259412 0.919966 0.022353 0.056799
3 0.259412 0.932014 0.027059 0.053356
2 0.034706 0.796902 0.067059 0.075731
2 0.137647 0.858003 0.077647 0.077453
2 0.517059 0.985370 0.114118 0.029260
2 0.376471 0.979346 0.075294 0.030981
