2 0.726010 0.880471 0.280303 0.239057
2 0.925505 0.870370 0.148990 0.259259
2 0.770202 0.722222 0.212121 0.225589
2 0.667929 0.553872 0.159091 0.171717
2 0.945707 0.547138 0.108586 0.178451
2 0.695707 0.447811 0.164141 0.181818
1 0.714646 0.287879 0.308081 0.407407
4 0.299242 0.833333 0.098485 0.265993
4 0.393939 0.925926 0.060606 0.148148
4 0.398990 0.601010 0.065657 0.191919
4 0.465909 0.432660 0.063131 0.151515
4 0.159091 0.498316 0.055556 0.208754
1 0.253788 0.329966 0.431818 0.356902
1 0.223485 0.178451 0.164141 0.215488
3 0.400253 0.639731 0.063131 0.148148
