2 0.542889 0.948913 0.187359 0.102174
2 0.569977 0.879348 0.151242 0.115217
2 0.558691 0.809783 0.128668 0.093478
2 0.597065 0.779348 0.110609 0.089130
2 0.558691 0.716304 0.106095 0.102174
2 0.576749 0.657609 0.083521 0.067391
2 0.566591 0.630435 0.072235 0.052174
2 0.568849 0.606522 0.067720 0.047826
2 0.566591 0.561957 0.049661 0.036957
2 0.573363 0.536957 0.049661 0.052174
2 0.237020 0.957609 0.252822 0.084783
2 0.259594 0.935870 0.167043 0.093478
2 0.321670 0.865217 0.164786 0.165217
2 0.404063 0.772826 0.108352 0.089130
2 0.373589 0.732609 0.097065 0.082609
2 0.434537 0.714130 0.092551 0.071739
2 0.445824 0.659783 0.088036 0.071739
2 0.501129 0.581522 0.054176 0.036957
2 0.452596 0.561957 0.042889 0.041304
2 0.520316 0.551087 0.042889 0.032609
2 0.428894 0.554348 0.040632 0.034783
2 0.506772 0.538043 0.038375 0.023913
2 0.099323 0.852174 0.144470 0.104348
2 0.200903 0.789130 0.121896 0.082609
2 0.217833 0.752174 0.119639 0.086957
2 0.186230 0.743478 0.092551 0.073913
2 0.238149 0.707609 0.101580 0.089130
2 0.301354 0.688043 0.083521 0.076087
2 0.272009 0.643478 0.079007 0.060870
2 0.205418 0.611957 0.063205 0.050000
2 0.183973 0.598913 0.051919 0.041304
2 0.224605 0.572826 0.038375 0.045652
2 0.972912 0.925000 0.054176 0.141304
2 0.951467 0.829348 0.097065 0.136957
2 0.898420 0.770652 0.117381 0.089130
2 0.860045 0.729348 0.112867 0.102174
2 0.840858 0.700000 0.097065 0.091304
2 0.805869 0.679348 0.072235 0.067391
2 0.788939 0.661957 0.069977 0.054348
2 0.797968 0.644565 0.056433 0.050000
2 0.776524 0.636957 0.067720 0.052174
2 0.748307 0.625000 0.060948 0.050000
2 0.749436 0.598913 0.058691 0.054348
2 0.723476 0.596739 0.056433 0.045652
2 0.708804 0.578261 0.045147 0.047826
1 0.686230 0.528261 0.058691 0.065217
2 0.797968 0.560870 0.060948 0.060870
1 0.857788 0.522826 0.067720 0.067391
1 0.934537 0.575000 0.108352 0.089130
2 0.827314 0.590217 0.056433 0.041304
2 0.849887 0.618478 0.056433 0.050000
2 0.878104 0.628261 0.054176 0.052174
2 0.928894 0.639130 0.083521 0.073913
2 0.953725 0.698913 0.060948 0.058696
2 0.978555 0.713043 0.038375 0.078261
2 0.965011 0.617391 0.056433 0.056522
2 0.983070 0.635870 0.033860 0.045652
