2 0.893478 0.924242 0.213043 0.151515
2 0.833333 0.903030 0.133333 0.137374
2 0.473188 0.912121 0.134783 0.143434
2 0.527536 0.900000 0.089855 0.107071
2 0.606522 0.884848 0.097101 0.096970
2 0.331159 0.894949 0.091304 0.092929
2 0.378986 0.881818 0.065217 0.074747
2 0.432609 0.889899 0.065217 0.086869
2 0.263768 0.883838 0.069565 0.078788
2 0.205072 0.859596 0.050725 0.070707
2 0.259420 0.847475 0.043478 0.058586
2 0.334783 0.858586 0.043478 0.056566
1 0.327536 0.809091 0.052174 0.046465
1 0.908696 0.801010 0.182609 0.115152
2 0.176812 0.859596 0.040580 0.042424
2 0.139855 0.849495 0.036232 0.038384
2 0.120290 0.840404 0.028986 0.036364
2 0.107971 0.833333 0.021739 0.046465
4 0.021739 0.910101 0.040580 0.179798
4 0.738406 0.482828 0.036232 0.121212
4 0.979710 0.504040 0.028986 0.086869
