4 0.870213 0.635577 0.210638 0.728846
4 0.609574 0.650000 0.178723 0.550000
4 0.623936 0.597115 0.164894 0.571154
3 0.626596 0.725962 0.161702 0.490385
4 0.957979 0.240385 0.052128 0.261538
4 0.680319 0.246154 0.030851 0.150000
4 0.644681 0.250000 0.023404 0.146154
4 0.606915 0.253846 0.032979 0.142308
4 0.580851 0.250962 0.029787 0.128846
4 0.866489 0.221154 0.041489 0.153846
4 0.498404 0.249038 0.045745 0.225000
4 0.385638 0.262500 0.026596 0.178846
4 0.228723 0.285577 0.034043 0.209615
4 0.250000 0.400962 0.091489 0.336538
4 0.089362 0.454808 0.085106 0.378846
4 0.157447 0.415385 0.082979 0.388462
4 0.165426 0.646154 0.137234 0.688462
4 0.260638 0.658654 0.106383 0.636538
