2 0.482482 0.476898 0.058058 0.085809
2 0.718218 0.555281 0.055055 0.077558
2 0.735235 0.612211 0.065065 0.079208
2 0.784284 0.566832 0.037037 0.064356
2 0.800300 0.588284 0.031031 0.057756
2 0.817317 0.631188 0.041041 0.077558
2 0.839840 0.698020 0.062062 0.075908
2 0.849349 0.771452 0.065065 0.090759
2 0.881381 0.789604 0.067067 0.103960
2 0.911411 0.820132 0.081081 0.102310
2 0.919419 0.876238 0.097097 0.118812
2 0.707207 0.678218 0.049049 0.075908
2 0.736236 0.676568 0.057057 0.075908
1 0.755756 0.848185 0.124124 0.217822
2 0.733734 0.726898 0.064064 0.080858
2 0.447948 0.576733 0.045045 0.077558
2 0.673674 0.490924 0.034034 0.047855
2 0.648649 0.623762 0.050050 0.069307
2 0.626126 0.659241 0.061061 0.087459
2 0.602603 0.717822 0.066066 0.085809
2 0.619119 0.758251 0.065065 0.097360
2 0.602102 0.789604 0.081081 0.087459
2 0.571071 0.834158 0.087087 0.117162
2 0.630130 0.880363 0.087087 0.097360
2 0.575075 0.910891 0.101101 0.099010
2 0.503003 0.424092 0.043043 0.066007
2 0.719720 0.481023 0.044044 0.057756
4 0.319319 0.684818 0.376376 0.630363
4 0.165666 0.579208 0.329329 0.841584
