2 0.530435 0.811523 0.139130 0.138672
2 0.497826 0.735352 0.088406 0.091797
2 0.320290 0.684570 0.060870 0.060547
2 0.263043 0.656250 0.050725 0.054688
2 0.316667 0.652344 0.068116 0.046875
2 0.429710 0.646484 0.042029 0.046875
2 0.407246 0.649414 0.046377 0.041016
1 0.950725 0.647461 0.098551 0.173828
2 0.676812 0.636719 0.043478 0.062500
2 0.710870 0.640625 0.042029 0.058594
2 0.551449 0.641602 0.050725 0.048828
4 0.402899 0.870117 0.104348 0.232422
3 0.405072 0.897461 0.100000 0.205078
4 0.228261 0.818359 0.059420 0.164062
3 0.228986 0.852539 0.066667 0.130859
4 0.041304 0.736328 0.024638 0.089844
4 0.040580 0.685547 0.023188 0.074219
4 0.175362 0.646484 0.020290 0.062500
4 0.351449 0.645508 0.018841 0.060547
