2 0.683636 0.631229 0.120000 0.126246
2 0.914545 0.647841 0.170909 0.139535
2 0.470909 0.647841 0.116364 0.119601
2 0.103636 0.646179 0.090909 0.116279
1 0.104545 0.578073 0.140000 0.166113
1 0.275455 0.574751 0.256364 0.265781
4 0.090000 0.631229 0.041818 0.159468
3 0.090000 0.672757 0.041818 0.129568
4 0.032727 0.679402 0.047273 0.162791
0 0.034545 0.757475 0.047273 0.199336
4 0.052727 0.715947 0.083636 0.295681
4 0.450909 0.724252 0.090909 0.299003
3 0.456364 0.810631 0.098182 0.252492
4 0.598182 0.714286 0.087273 0.272425
3 0.603636 0.777409 0.094545 0.245847
2 0.794545 0.661130 0.207273 0.166113
2 0.206364 0.659468 0.110909 0.142857
