2 0.929710 0.931767 0.108696 0.123043
2 0.810145 0.855705 0.072464 0.096197
2 0.770290 0.790828 0.059420 0.073826
2 0.815942 0.771812 0.057971 0.080537
2 0.826812 0.733781 0.050725 0.076063
2 0.789855 0.713647 0.055072 0.067114
2 0.841304 0.684564 0.047826 0.058166
2 0.828986 0.658837 0.052174 0.069351
2 0.769565 0.692394 0.046377 0.060403
2 0.723188 0.722595 0.052174 0.062640
2 0.710870 0.715884 0.044928 0.058166
2 0.705797 0.700224 0.049275 0.062640
2 0.665942 0.633110 0.039130 0.049217
1 0.605072 0.630872 0.071014 0.111857
2 0.602174 0.697987 0.044928 0.062640
2 0.634058 0.715884 0.044928 0.089485
2 0.653623 0.756152 0.052174 0.035794
2 0.525362 0.699105 0.044928 0.055928
2 0.528261 0.687919 0.039130 0.060403
2 0.609420 0.681208 0.044928 0.046980
1 0.524638 0.647651 0.075362 0.123043
2 0.600000 0.559284 0.028986 0.035794
2 0.824638 0.586130 0.031884 0.044743
4 0.876812 0.643177 0.020290 0.060403
2 0.794203 0.569351 0.031884 0.042506
2 0.755072 0.671141 0.040580 0.053691
1 0.745652 0.629754 0.056522 0.105145
2 0.781884 0.633110 0.033333 0.049217
2 0.016667 0.780761 0.030435 0.080537
2 0.097101 0.695749 0.052174 0.089485
1 0.054348 0.651007 0.091304 0.125280
2 0.101449 0.640940 0.043478 0.055928
1 0.131884 0.565996 0.107246 0.111857
2 0.171739 0.607383 0.033333 0.046980
2 0.294928 0.625280 0.076812 0.051454
2 0.230435 0.607383 0.034783 0.042506
2 0.186957 0.588367 0.037681 0.049217
1 0.297826 0.565996 0.047826 0.098434
4 0.421014 0.634228 0.015942 0.051454
2 0.559420 0.512304 0.028986 0.040268
