2 0.321946 0.953961 0.159420 0.092077
2 0.337474 0.895075 0.107660 0.068522
2 0.670807 0.822270 0.074534 0.059957
2 0.559006 0.826552 0.070393 0.059957
2 0.549689 0.791221 0.060041 0.044968
2 0.722567 0.766595 0.057971 0.047109
2 0.630435 0.735546 0.035197 0.036403
2 0.610766 0.724839 0.033126 0.032120
2 0.758799 0.719486 0.039337 0.029979
2 0.733954 0.699143 0.031056 0.027837
1 0.692547 0.707709 0.060041 0.079229
1 0.645963 0.694861 0.049689 0.066381
2 0.613872 0.682013 0.026915 0.032120
2 0.965839 0.806210 0.064182 0.062099
2 0.955487 0.751606 0.051760 0.051392
2 0.965839 0.715203 0.047619 0.042827
2 0.980331 0.704497 0.035197 0.034261
2 0.784679 0.680942 0.033126 0.029979
2 0.803313 0.668094 0.024845 0.021413
2 0.850932 0.672377 0.028986 0.029979
2 0.865424 0.660600 0.028986 0.023555
2 0.747412 0.649893 0.024845 0.023555
