2 0.810556 0.890741 0.292222 0.218519
2 0.798333 0.815741 0.167778 0.224074
2 0.665556 0.794444 0.117778 0.140741
2 0.568889 0.792593 0.088889 0.129630
1 0.442222 0.727778 0.231111 0.392593
1 0.317222 0.629630 0.056667 0.118519
1 0.368889 0.564815 0.044444 0.103704
2 0.288333 0.611111 0.032222 0.048148
2 0.222222 0.584259 0.055556 0.042593
4 0.093889 0.792593 0.043333 0.188889
4 0.141111 0.823148 0.051111 0.172222
4 0.184444 0.789815 0.042222 0.124074
3 0.094444 0.833333 0.051111 0.155556
3 0.134444 0.870370 0.062222 0.118519
3 0.183333 0.825926 0.046667 0.114815
4 0.236111 0.762037 0.038889 0.098148
4 0.188333 0.761111 0.032222 0.111111
4 0.209444 0.746296 0.023333 0.100000
2 0.160556 0.685185 0.041111 0.062963
1 0.528333 0.535185 0.054444 0.096296
2 0.895000 0.687037 0.047778 0.055556
