2 0.585000 0.712349 0.050000 0.063253
2 0.540000 0.730422 0.064000 0.075301
2 0.649000 0.706325 0.058000 0.045181
2 0.739000 0.745482 0.162000 0.081325
2 0.733000 0.739458 0.166000 0.081325
2 0.715000 0.739458 0.162000 0.081325
4 0.608000 0.772590 0.036000 0.111446
0 0.608000 0.802711 0.036000 0.093373
4 0.449000 0.710843 0.018000 0.078313
2 0.408000 0.724398 0.060000 0.075301
4 0.360000 0.728916 0.024000 0.072289
4 0.303000 0.811747 0.034000 0.135542
2 0.284000 0.796687 0.084000 0.123494
2 0.441000 0.698795 0.030000 0.042169
2 0.235000 0.730422 0.070000 0.099398
1 0.962000 0.804217 0.076000 0.307229
4 0.167000 0.865964 0.038000 0.189759
4 0.130000 0.867470 0.060000 0.192771
3 0.107000 0.915663 0.194000 0.168675
2 0.473000 0.698795 0.034000 0.048193
4 0.344000 0.810241 0.036000 0.144578
4 0.394000 0.808735 0.040000 0.141566
0 0.393000 0.855422 0.034000 0.114458
4 0.276000 0.850904 0.048000 0.183735
0 0.275000 0.894578 0.050000 0.126506
2 0.462000 0.810241 0.112000 0.132530
4 0.545000 0.870482 0.066000 0.186747
4 0.564000 0.861446 0.072000 0.210843
2 0.694000 0.841867 0.156000 0.195783
