1 0.399479 0.828846 0.119792 0.300000
1 0.459375 0.707692 0.104167 0.215385
2 0.345833 0.699038 0.056250 0.101923
2 0.492188 0.648077 0.055208 0.092308
2 0.396354 0.594231 0.042708 0.073077
2 0.432292 0.547115 0.039583 0.059615
2 0.381771 0.544231 0.034375 0.061538
2 0.332813 0.554808 0.034375 0.055769
2 0.349479 0.512500 0.030208 0.044231
2 0.396875 0.500000 0.027083 0.038462
2 0.353125 0.483654 0.025000 0.051923
1 0.313542 0.482692 0.020833 0.042308
2 0.338021 0.461538 0.017708 0.030769
2 0.365625 0.454808 0.020833 0.028846
2 0.307292 0.454808 0.018750 0.032692
2 0.333854 0.439423 0.017708 0.036538
2 0.360417 0.438462 0.018750 0.034615
2 0.343750 0.419231 0.014583 0.023077
2 0.305208 0.429808 0.014583 0.032692
1 0.321354 0.400962 0.021875 0.044231
1 0.249479 0.609615 0.088542 0.223077
4 0.174479 0.719231 0.021875 0.107692
4 0.134896 0.771154 0.026042 0.100000
4 0.082292 0.827885 0.025000 0.113462
2 0.337500 0.401923 0.014583 0.023077
2 0.332292 0.390385 0.010417 0.019231
2 0.296875 0.377885 0.010417 0.013462
2 0.066667 0.652885 0.062500 0.082692
2 0.080729 0.564423 0.038542 0.055769
2 0.115104 0.525000 0.034375 0.042308
2 0.158854 0.491346 0.032292 0.048077
1 0.157292 0.437500 0.035417 0.059615
2 0.173437 0.475962 0.021875 0.036538
2 0.198437 0.471154 0.021875 0.030769
1 0.193750 0.436538 0.031250 0.046154
2 0.234896 0.464423 0.021875 0.028846
2 0.225521 0.447115 0.017708 0.028846
2 0.246875 0.447115 0.016667 0.025000
2 0.220312 0.427885 0.013542 0.028846
2 0.232292 0.431731 0.014583 0.025000
2 0.245312 0.419231 0.011458 0.019231
2 0.008333 0.570192 0.014583 0.051923
1 0.838021 0.618269 0.238542 0.217308
1 0.788542 0.487500 0.112500 0.082692
2 0.656771 0.482692 0.036458 0.034615
2 0.666667 0.677885 0.083333 0.082692
2 0.663542 0.600962 0.066667 0.071154
2 0.639583 0.543269 0.056250 0.059615
2 0.581250 0.547115 0.041667 0.067308
2 0.542188 0.557692 0.046875 0.050000
2 0.543750 0.520192 0.039583 0.040385
2 0.489063 0.513462 0.034375 0.042308
2 0.490625 0.486538 0.029167 0.038462
2 0.434896 0.465385 0.021875 0.034615
2 0.458333 0.458654 0.020833 0.032692
2 0.480208 0.455769 0.022917 0.026923
2 0.460938 0.433654 0.023958 0.036538
2 0.407292 0.440385 0.016667 0.026923
2 0.430729 0.437500 0.019792 0.025000
2 0.428646 0.425000 0.017708 0.019231
2 0.407292 0.421154 0.014583 0.023077
1 0.417187 0.402885 0.034375 0.044231
2 0.377604 0.408654 0.013542 0.021154
2 0.369792 0.381731 0.010417 0.013462
2 0.388542 0.405769 0.012500 0.019231
2 0.369792 0.400000 0.012500 0.019231
2 0.549479 0.457692 0.021875 0.026923
