2 0.362319 0.780083 0.237681 0.278008
2 0.246377 0.752075 0.150725 0.197095
2 0.090580 0.717842 0.172464 0.219917
2 0.215942 0.705394 0.113043 0.161826
1 0.600000 0.641079 0.260870 0.356846
4 0.949275 0.726141 0.043478 0.228216
4 0.906522 0.734440 0.047826 0.215768
4 0.746377 0.739627 0.046377 0.192946
4 0.834783 0.733402 0.037681 0.180498
4 0.824638 0.733402 0.031884 0.180498
4 0.880435 0.718880 0.042029 0.226141
4 0.892754 0.714730 0.034783 0.213693
4 0.791304 0.708506 0.031884 0.159751
2 0.430435 0.636929 0.060870 0.058091
