2 0.746875 0.786400 0.177083 0.190400
2 0.594271 0.810400 0.173958 0.148800
2 0.463021 0.790400 0.098958 0.105600
2 0.394792 0.773600 0.070833 0.072000
2 0.332813 0.767200 0.055208 0.062400
2 0.306771 0.763200 0.036458 0.051200
2 0.250000 0.764800 0.039583 0.054400
2 0.271354 0.756000 0.026042 0.033600
2 0.177604 0.795200 0.111458 0.140800
2 0.033854 0.768000 0.065625 0.112000
2 0.062500 0.769600 0.043750 0.067200
2 0.084375 0.768800 0.039583 0.059200
2 0.102604 0.752800 0.036458 0.052800
2 0.125000 0.755200 0.027083 0.035200
