2 0.105000 0.847201 0.194444 0.187595
2 0.142222 0.811649 0.144444 0.207262
2 0.026111 0.801815 0.047778 0.145234
4 0.863333 0.785174 0.033333 0.133132
4 0.830000 0.783661 0.031111 0.142209
4 0.795556 0.778366 0.033333 0.146747
4 0.775556 0.779123 0.028889 0.096823
4 0.781111 0.775340 0.024444 0.098336
2 0.644444 0.810893 0.117778 0.127080
4 0.603333 0.801815 0.051111 0.163389
2 0.587778 0.816188 0.075556 0.116490
2 0.577222 0.808623 0.067778 0.113464
2 0.547222 0.807867 0.074444 0.102874
4 0.510000 0.796520 0.028889 0.101362
2 0.432778 0.807867 0.061111 0.072617
2 0.498889 0.807110 0.051111 0.071104
2 0.493333 0.801059 0.051111 0.080182
4 0.342222 0.799546 0.026667 0.077156
4 0.263333 0.801815 0.033333 0.087746
2 0.307222 0.797277 0.050000 0.051437
0 0.603889 0.838124 0.047778 0.118003
3 0.262778 0.818457 0.030000 0.066566
0 0.341667 0.813162 0.025556 0.062027
3 0.776667 0.798033 0.031111 0.077156
