4 0.635938 0.518797 0.106250 0.506266
4 0.540625 0.508772 0.106250 0.531328
4 0.440625 0.503759 0.103125 0.541353
4 0.857812 0.447368 0.081250 0.368421
4 0.683594 0.429825 0.089063 0.408521
4 0.368750 0.428571 0.078125 0.355890
4 0.828906 0.418546 0.060937 0.345865
4 0.875781 0.411028 0.076563 0.350877
4 0.742969 0.379699 0.048438 0.223058
4 0.904687 0.380952 0.056250 0.240602
4 0.982812 0.349624 0.034375 0.137845
4 0.314063 0.358396 0.028125 0.165414
4 0.050781 0.333333 0.029687 0.110276
4 0.214062 0.332080 0.021875 0.102757
4 0.228125 0.327068 0.021875 0.112782
4 0.442969 0.457393 0.098437 0.468672
