4 0.784251 0.756734 0.131882 0.483165
4 0.444302 0.763468 0.186940 0.473064
4 0.305378 0.740741 0.221511 0.518519
4 0.201024 0.599327 0.033291 0.131313
4 0.236236 0.597643 0.034571 0.121212
4 0.277849 0.594276 0.030730 0.114478
4 0.153009 0.586700 0.034571 0.079125
4 0.177337 0.585859 0.029449 0.080808
4 0.402049 0.585859 0.028169 0.090909
4 0.523688 0.575758 0.017926 0.060606
4 0.553137 0.584175 0.030730 0.090909
4 0.613316 0.575758 0.023047 0.080808
4 0.644046 0.578283 0.023047 0.062290
4 0.882202 0.597643 0.038412 0.124579
4 0.925096 0.597643 0.039693 0.131313
4 0.960307 0.595960 0.030730 0.131313
