4 0.499275 0.528008 0.224638 0.661826
3 0.499275 0.656639 0.218841 0.504149
4 0.907246 0.272822 0.049275 0.147303
4 0.960145 0.285270 0.033333 0.080913
2 0.092754 0.278008 0.066667 0.082988
2 0.299275 0.273859 0.073913 0.078838
2 0.399275 0.272822 0.073913 0.080913
4 0.404348 0.276971 0.026087 0.089212
2 0.502174 0.276971 0.062319 0.072614
1 0.269565 0.236515 0.110145 0.145228
1 0.366667 0.242739 0.101449 0.120332
2 0.219565 0.266598 0.047826 0.064315
4 0.654348 0.273859 0.013043 0.049793
4 0.684058 0.273859 0.017391 0.062241
4 0.702174 0.278008 0.015942 0.053942
