2 0.588164 0.739130 0.012077 0.014493
2 0.542271 0.745471 0.012077 0.019928
4 0.606280 0.741848 0.007246 0.019928
4 0.507246 0.746377 0.004831 0.018116
4 0.492754 0.749094 0.004831 0.016304
4 0.489130 0.749094 0.004831 0.019928
4 0.485507 0.748188 0.004831 0.018116
2 0.475242 0.767210 0.032609 0.041667
4 0.410628 0.755435 0.007246 0.025362
4 0.368961 0.767210 0.010870 0.034420
4 0.377415 0.773551 0.015700 0.039855
0 0.368961 0.778986 0.010870 0.028986
4 0.673913 0.748188 0.009662 0.025362
4 0.743961 0.758152 0.016908 0.052536
3 0.744565 0.769022 0.015700 0.038043
4 0.887077 0.766304 0.018116 0.061594
3 0.300725 0.812500 0.031401 0.056159
4 0.301932 0.797101 0.024155 0.076087
2 0.646135 0.773551 0.065217 0.065217
2 0.528382 0.759964 0.032609 0.034420
2 0.710749 0.768116 0.061594 0.050725
2 0.842391 0.794384 0.146135 0.114130
4 0.922101 0.769022 0.027778 0.081522
3 0.927536 0.788949 0.038647 0.067029
2 0.443237 0.802536 0.084541 0.101449
4 0.275362 0.819746 0.048309 0.135870
3 0.272947 0.857790 0.055556 0.114130
2 0.235507 0.789855 0.077295 0.076087
4 0.164251 0.811594 0.024155 0.097826
0 0.150362 0.824275 0.044686 0.065217
4 0.054348 0.838768 0.045894 0.115942
