4 0.647656 0.632832 0.223438 0.588972
3 0.627344 0.771930 0.395313 0.451128
4 0.482812 0.508772 0.103125 0.426065
4 0.802344 0.535088 0.089063 0.398496
3 0.817187 0.581454 0.237500 0.305764
4 0.333594 0.555138 0.145313 0.568922
0 0.343750 0.681704 0.140625 0.466165
4 0.121875 0.395990 0.056250 0.190476
0 0.125000 0.453634 0.053125 0.165414
2 0.035156 0.347118 0.067187 0.062657
4 0.221094 0.365915 0.029687 0.095238
4 0.195312 0.343358 0.025000 0.065163
4 0.241406 0.340852 0.023438 0.065163
4 0.263281 0.344612 0.017188 0.047619
2 0.876563 0.353383 0.103125 0.060150
2 0.717969 0.350877 0.098437 0.070175
2 0.664062 0.348371 0.084375 0.060150
1 0.535937 0.319549 0.240625 0.102757
2 0.463281 0.345865 0.089063 0.075188
2 0.960156 0.338346 0.064062 0.065163
3 0.221875 0.379699 0.028125 0.072682
3 0.195312 0.355890 0.021875 0.050125
