2 0.826364 0.680195 0.056364 0.081169
2 0.749091 0.660714 0.076364 0.061688
2 0.782727 0.657468 0.078182 0.068182
2 0.607273 0.670455 0.069091 0.048701
4 0.727273 0.668831 0.014545 0.058442
4 0.695455 0.675325 0.012727 0.071429
4 0.670000 0.667208 0.012727 0.055195
2 0.544545 0.672078 0.041818 0.032468
4 0.481818 0.680195 0.010909 0.042208
2 0.493636 0.681818 0.041818 0.045455
2 0.455455 0.675325 0.030909 0.032468
2 0.407273 0.688312 0.069091 0.058442
2 0.330000 0.696429 0.056364 0.048701
2 0.097273 0.686688 0.038182 0.029221
2 0.175455 0.689935 0.038182 0.061688
4 0.910909 0.667208 0.018182 0.068182
4 0.936364 0.667208 0.018182 0.074675
2 0.273636 0.689935 0.060000 0.061688
2 0.213636 0.689935 0.049091 0.061688
2 0.149091 0.725649 0.087273 0.081169
1 0.023636 0.675325 0.043636 0.051948
4 0.298182 0.849026 0.123636 0.301948
3 0.304545 0.878247 0.154545 0.243506
4 0.962727 0.680195 0.016364 0.042208
