2 0.593229 0.884000 0.136458 0.171200
2 0.882812 0.780800 0.123958 0.195200
2 0.908333 0.680800 0.102083 0.142400
2 0.984896 0.933600 0.030208 0.132800
2 0.748437 0.656800 0.105208 0.152000
2 0.735938 0.588000 0.094792 0.120000
2 0.854688 0.518400 0.082292 0.096000
2 0.726562 0.495200 0.076042 0.091200
2 0.589063 0.507200 0.078125 0.115200
2 0.715104 0.450400 0.073958 0.084800
2 0.701042 0.380800 0.058333 0.086400
2 0.688542 0.343200 0.056250 0.072000
2 0.782292 0.334400 0.060417 0.073600
2 0.593750 0.398400 0.058333 0.076800
2 0.630729 0.318400 0.055208 0.073600
2 0.681771 0.304000 0.051042 0.060800
2 0.591146 0.298400 0.048958 0.062400
2 0.685417 0.269600 0.047917 0.059200
2 0.772396 0.293600 0.048958 0.059200
2 0.746875 0.268800 0.047917 0.048000
2 0.745833 0.251200 0.039583 0.041600
2 0.728125 0.237600 0.039583 0.046400
1 0.714583 0.204800 0.047917 0.089600
2 0.607292 0.268800 0.043750 0.048000
2 0.672396 0.245600 0.044792 0.056000
2 0.600521 0.261600 0.042708 0.052800
2 0.653646 0.232800 0.034375 0.043200
2 0.597396 0.228800 0.034375 0.038400
2 0.618750 0.232800 0.027083 0.043200
2 0.254167 0.737600 0.114583 0.150400
2 0.280729 0.630400 0.105208 0.140800
2 0.354687 0.519200 0.084375 0.104000
2 0.383854 0.424800 0.067708 0.084800
2 0.416146 0.351200 0.061458 0.081600
2 0.442188 0.310400 0.057292 0.070400
2 0.473438 0.254400 0.046875 0.054400
2 0.492188 0.232000 0.040625 0.048000
2 0.516667 0.231200 0.031250 0.043200
2 0.166146 0.585600 0.101042 0.137600
2 0.216146 0.523200 0.082292 0.096000
2 0.319792 0.359200 0.070833 0.104000
2 0.344271 0.320000 0.048958 0.076800
2 0.388021 0.264800 0.048958 0.062400
2 0.435937 0.247200 0.046875 0.062400
1 0.449479 0.209600 0.048958 0.076800
2 0.109896 0.478400 0.086458 0.124800
2 0.200000 0.395200 0.060417 0.073600
2 0.254688 0.334400 0.059375 0.067200
2 0.280729 0.300000 0.055208 0.065600
2 0.280729 0.281600 0.048958 0.057600
2 0.311979 0.268800 0.044792 0.060800
2 0.348958 0.248000 0.043750 0.048000
2 0.361979 0.232800 0.034375 0.046400
2 0.381771 0.225600 0.034375 0.044800
2 0.396875 0.224000 0.022917 0.044800
2 0.422917 0.230400 0.033333 0.044800
