4 0.619247 0.542887 0.022315 0.060669
4 0.636681 0.542887 0.018131 0.060669
4 0.555788 0.546025 0.018131 0.071130
4 0.561367 0.535565 0.018131 0.066946
4 0.527894 0.541841 0.018131 0.062762
4 0.513947 0.540795 0.018131 0.064854
4 0.458856 0.542887 0.016736 0.073222
4 0.465830 0.538703 0.013947 0.069038
4 0.429568 0.541841 0.016736 0.083682
4 0.440725 0.533473 0.016736 0.075314
4 0.409344 0.541841 0.018131 0.083682
4 0.394003 0.542887 0.020921 0.094142
4 0.320084 0.544979 0.023710 0.089958
4 0.292887 0.548117 0.027894 0.104603
4 0.276151 0.552301 0.030683 0.112971
4 0.240586 0.544979 0.029289 0.115063
4 0.210600 0.550209 0.030683 0.112971
4 0.165272 0.540795 0.018131 0.106695
4 0.142957 0.541841 0.026499 0.121339
4 0.133891 0.555439 0.033473 0.115063
4 0.082985 0.546025 0.037657 0.125523
4 0.053696 0.554393 0.046025 0.163180
4 0.983961 0.627615 0.032078 0.292887
4 0.889121 0.641213 0.065551 0.278243
4 0.849372 0.661088 0.089261 0.292887
4 0.733612 0.657950 0.092050 0.353556
4 0.672943 0.614017 0.099024 0.328452
4 0.596932 0.647490 0.117155 0.311715
4 0.467225 0.596234 0.105997 0.238494
4 0.367503 0.661088 0.126918 0.393305
