4 0.697917 0.549805 0.026042 0.054688
4 0.670573 0.547852 0.026042 0.052734
4 0.609375 0.545410 0.028646 0.040039
4 0.084635 0.595703 0.067708 0.205078
4 0.957682 0.571289 0.024740 0.039062
4 0.926432 0.559082 0.035156 0.059570
4 0.914062 0.558594 0.028646 0.060547
4 0.813802 0.602539 0.101562 0.275391
4 0.705078 0.744141 0.097656 0.191406
4 0.553385 0.624023 0.119792 0.271484
4 0.239583 0.595703 0.088542 0.232422
4 0.164062 0.589355 0.109375 0.256836
4 0.069661 0.594727 0.115885 0.238281
4 0.757812 0.552246 0.010417 0.022461
4 0.750651 0.553223 0.011719 0.024414
