1 0.737500 0.625899 0.030000 0.043165
2 0.691250 0.658273 0.027500 0.035971
2 0.667500 0.629496 0.025000 0.028777
2 0.631250 0.636691 0.022500 0.028777
2 0.647500 0.658273 0.025000 0.043165
2 0.573750 0.622302 0.017500 0.028777
2 0.556250 0.615108 0.022500 0.028777
2 0.505000 0.665468 0.025000 0.028777
2 0.508750 0.642086 0.022500 0.025180
2 0.555000 0.661871 0.025000 0.028777
2 0.585000 0.678058 0.025000 0.032374
2 0.610000 0.715827 0.040000 0.050360
2 0.487500 0.776978 0.065000 0.079137
2 0.676250 0.717626 0.037500 0.046763
4 0.747500 0.687050 0.015000 0.050360
3 0.748750 0.696043 0.017500 0.046763
2 0.048750 0.771583 0.092500 0.075540
2 0.228750 0.787770 0.327500 0.410072
