4 0.776933 0.512987 0.086185 0.272727
3 0.773131 0.585343 0.154626 0.205937
2 0.866286 0.525974 0.267427 0.250464
2 0.406844 0.640074 0.811153 0.448980
2 0.193283 0.794063 0.384030 0.411874
2 0.216730 0.515770 0.430925 0.252319
2 0.057034 0.404453 0.111534 0.085343
4 0.115336 0.423933 0.043093 0.116883
4 0.016477 0.435065 0.027883 0.098330
2 0.240811 0.387755 0.073511 0.055659
2 0.281369 0.389610 0.048162 0.044527
4 0.318758 0.418367 0.024081 0.083488
4 0.377693 0.427644 0.030418 0.105751
4 0.566540 0.437848 0.043093 0.118738
4 0.567807 0.436920 0.040558 0.120594
4 0.647022 0.436920 0.026616 0.128015
4 0.667934 0.440631 0.027883 0.109462
4 0.628644 0.424861 0.017744 0.092764
4 0.671103 0.423006 0.021546 0.100186
2 0.925856 0.421150 0.148289 0.144712
2 0.779468 0.442486 0.159696 0.139147
2 0.397338 0.406308 0.077313 0.100186
2 0.505703 0.410946 0.068441 0.083488
2 0.434094 0.415584 0.044360 0.070501
2 0.450570 0.410019 0.036755 0.059369
1 0.535488 0.374768 0.046895 0.070501
2 0.593790 0.424861 0.057034 0.085343
2 0.604563 0.395176 0.040558 0.070501
1 0.648923 0.371985 0.065906 0.087199
2 0.707224 0.435065 0.053232 0.083488
4 0.344106 0.398887 0.024081 0.051948
