2 0.502128 0.792776 0.278723 0.330798
2 0.076596 0.679658 0.129787 0.173004
4 0.019149 0.666350 0.025532 0.104563
1 0.221809 0.615970 0.113830 0.178707
1 0.223936 0.618821 0.156383 0.127376
1 0.387234 0.687262 0.100000 0.150190
2 0.971809 0.772814 0.056383 0.218631
2 0.873404 0.729087 0.208511 0.214829
2 0.732979 0.696768 0.168085 0.199620
2 0.638298 0.679658 0.131915 0.165399
2 0.571277 0.670152 0.091489 0.127376
2 0.513298 0.659696 0.086170 0.114068
2 0.462234 0.653042 0.073404 0.100760
2 0.410638 0.641635 0.063830 0.096958
2 0.348404 0.648289 0.060638 0.083650
2 0.303191 0.651141 0.048936 0.070342
2 0.324468 0.653042 0.044681 0.066540
2 0.867553 0.657795 0.145745 0.163498
2 0.962766 0.670152 0.074468 0.146388
