4 0.466489 0.819527 0.045745 0.317554
2 0.417553 0.798817 0.152128 0.193294
1 0.053723 0.725838 0.105319 0.548323
1 0.155851 0.697239 0.156383 0.325444
2 0.244149 0.743590 0.071277 0.118343
1 0.245213 0.670611 0.064894 0.142012
2 0.327128 0.764300 0.090426 0.128205
2 0.279255 0.722880 0.052128 0.080868
2 0.360106 0.727811 0.050000 0.078895
4 0.448936 0.736686 0.025532 0.136095
2 0.303191 0.692308 0.048936 0.063116
2 0.383511 0.695266 0.047872 0.061144
2 0.401596 0.693294 0.037234 0.061144
2 0.408511 0.674556 0.031915 0.067061
2 0.338830 0.650888 0.030851 0.059172
2 0.904787 0.861933 0.190426 0.248521
2 0.643085 0.780079 0.118085 0.226824
2 0.794681 0.797830 0.142553 0.167653
2 0.551064 0.737673 0.070213 0.102564
2 0.710638 0.765286 0.070213 0.118343
1 0.530319 0.685404 0.067021 0.136095
1 0.570213 0.677515 0.051064 0.112426
1 0.808511 0.700197 0.180851 0.213018
2 0.967553 0.711045 0.064894 0.076923
2 0.925000 0.708087 0.067021 0.078895
