4 0.694167 0.745000 0.010000 0.060000
4 0.633750 0.728333 0.005833 0.030000
4 0.607500 0.732500 0.008333 0.038333
4 0.597500 0.730000 0.008333 0.036667
4 0.585833 0.755833 0.026667 0.088333
3 0.584583 0.776667 0.027500 0.073333
2 0.579167 0.759167 0.046667 0.101667
2 0.461667 0.751667 0.050000 0.100000
2 0.472500 0.753333 0.048333 0.086667
4 0.372083 0.738333 0.009167 0.046667
3 0.367083 0.740000 0.009167 0.036667
4 0.194583 0.755000 0.014167 0.090000
4 0.872083 0.790833 0.022500 0.128333
4 0.885000 0.792500 0.021667 0.131667
4 0.162917 0.750000 0.014167 0.080000
4 0.095833 0.780833 0.021667 0.138333
2 0.537083 0.743333 0.044167 0.090000
2 0.453333 0.760000 0.058333 0.096667
4 0.297917 0.765000 0.019167 0.116667
4 0.645000 0.757500 0.016667 0.085000
0 0.645417 0.778333 0.015833 0.066667
4 0.679583 0.770000 0.019167 0.123333
4 0.910000 0.795833 0.030000 0.155000
4 0.938750 0.825000 0.032500 0.090000
4 0.105833 0.787500 0.031667 0.131667
4 0.069583 0.792500 0.032500 0.131667
4 0.046667 0.782500 0.031667 0.145000
