4 0.741129 0.562500 0.020968 0.077128
4 0.753226 0.557181 0.016129 0.061170
4 0.900806 0.662234 0.027419 0.132979
4 0.921774 0.651596 0.027419 0.117021
4 0.933871 0.692819 0.025806 0.130319
4 0.676613 0.738032 0.040323 0.146277
3 0.677419 0.767287 0.041935 0.140957
4 0.386290 0.611702 0.024194 0.090426
3 0.387903 0.632979 0.024194 0.074468
4 0.252419 0.591755 0.017742 0.071809
4 0.070161 0.724734 0.033871 0.125000
4 0.070161 0.776596 0.040323 0.154255
3 0.071774 0.805851 0.053226 0.148936
2 0.261290 0.587766 0.093548 0.074468
2 0.353226 0.589096 0.045161 0.066489
2 0.433065 0.628989 0.066129 0.093085
2 0.466129 0.755319 0.132258 0.223404
2 0.615323 0.767287 0.124194 0.242021
2 0.439516 0.578457 0.043548 0.066489
2 0.418548 0.578457 0.037097 0.066489
2 0.468548 0.569149 0.040323 0.063830
2 0.286290 0.783245 0.130645 0.178191
2 0.295968 0.756649 0.114516 0.162234
2 0.203226 0.811170 0.190323 0.313830
2 0.534677 0.807181 0.172581 0.311170
2 0.846774 0.813830 0.206452 0.292553
4 0.966129 0.750000 0.058065 0.207447
