2 0.362727 0.566667 0.027273 0.036364
2 0.358182 0.548485 0.029091 0.036364
2 0.320909 0.572727 0.030909 0.036364
2 0.374545 0.615152 0.025455 0.048485
2 0.357273 0.650000 0.038182 0.051515
2 0.428182 0.669697 0.038182 0.048485
2 0.421818 0.654545 0.036364 0.060606
2 0.458182 0.692424 0.043636 0.075758
2 0.479091 0.660606 0.034545 0.048485
2 0.464545 0.646970 0.034545 0.045455
2 0.443636 0.637879 0.032727 0.051515
2 0.516364 0.690909 0.040000 0.066667
2 0.523636 0.703030 0.040000 0.066667
2 0.550000 0.710606 0.045455 0.075758
2 0.544545 0.737879 0.049091 0.069697
2 0.528182 0.768182 0.060000 0.069697
2 0.495455 0.593939 0.027273 0.048485
2 0.440909 0.536364 0.027273 0.042424
2 0.500909 0.528788 0.023636 0.045455
2 0.551818 0.633333 0.038182 0.054545
2 0.609091 0.660606 0.050909 0.066667
2 0.691818 0.712121 0.045455 0.060606
2 0.668182 0.698485 0.038182 0.057576
2 0.718182 0.680303 0.047273 0.063636
2 0.739091 0.698485 0.049091 0.063636
2 0.739091 0.728788 0.049091 0.075758
4 0.390909 0.701515 0.014545 0.057576
4 0.381818 0.692424 0.014545 0.051515
4 0.288182 0.675758 0.016364 0.048485
4 0.332727 0.780303 0.025455 0.075758
3 0.334545 0.795455 0.029091 0.063636
2 0.557273 0.818182 0.070909 0.109091
2 0.613636 0.759091 0.063636 0.112121
2 0.684545 0.813636 0.074545 0.106061
2 0.750909 0.859091 0.072727 0.093939
4 0.526364 0.922727 0.045455 0.093939
4 0.553636 0.930303 0.038182 0.096970
4 0.979091 0.759091 0.027273 0.075758
3 0.979091 0.781818 0.027273 0.084848
4 0.950000 0.762121 0.030909 0.087879
2 0.806364 0.759091 0.063636 0.087879
2 0.895455 0.781818 0.070909 0.096970
1 0.842727 0.695455 0.100000 0.142424
4 0.945455 0.839394 0.076364 0.224242
3 0.945455 0.881818 0.080000 0.157576
2 0.448182 0.760606 0.056364 0.084848
2 0.510000 0.860606 0.081818 0.139394
2 0.792727 0.912121 0.080000 0.115152
2 0.865455 0.928788 0.083636 0.112121
4 0.690909 0.884848 0.047273 0.163636
4 0.642727 0.851515 0.070909 0.224242
3 0.644545 0.903030 0.067273 0.145455
4 0.223636 0.772727 0.112727 0.454545
