2 0.658182 0.565375 0.058182 0.070218
2 0.432727 0.567797 0.061818 0.084746
2 0.482727 0.538741 0.063636 0.084746
2 0.438182 0.530266 0.069091 0.087167
4 0.737273 0.590799 0.034545 0.082324
3 0.736364 0.604116 0.036364 0.075061
2 0.144545 0.552058 0.067273 0.062954
2 0.182727 0.596852 0.074545 0.089588
2 0.242727 0.538741 0.063636 0.070218
2 0.232727 0.604116 0.072727 0.084746
2 0.082727 0.641646 0.107273 0.111380
2 0.141818 0.698547 0.109091 0.128329
4 0.736364 0.763923 0.069091 0.176755
3 0.733636 0.779661 0.074545 0.145278
2 0.479091 0.573850 0.067273 0.082324
2 0.550000 0.569007 0.089091 0.096852
2 0.644545 0.601695 0.089091 0.094431
2 0.551818 0.762712 0.223636 0.295400
4 0.602727 0.795400 0.085455 0.225182
3 0.599091 0.835351 0.096364 0.188862
4 0.711818 0.820823 0.118182 0.280872
3 0.711818 0.872881 0.114545 0.234867
4 0.953636 0.642857 0.041818 0.118644
3 0.950909 0.676755 0.047273 0.099274
4 0.346364 0.656174 0.052727 0.213075
4 0.308182 0.656174 0.038182 0.213075
4 0.284545 0.654964 0.038182 0.186441
4 0.242727 0.652542 0.041818 0.196126
