4 0.688755 0.605556 0.104418 0.266667
4 0.390562 0.700000 0.098394 0.316667
4 0.159639 0.676389 0.098394 0.341667
4 0.601406 0.226389 0.046185 0.191667
4 0.803213 0.230556 0.052209 0.205556
4 0.399598 0.087500 0.040161 0.163889
4 0.571285 0.051389 0.038153 0.097222
4 0.555221 0.211111 0.050201 0.194444
4 0.651606 0.211111 0.042169 0.194444
4 0.696787 0.211111 0.040161 0.188889
4 0.741968 0.212500 0.046185 0.186111
4 0.847390 0.209722 0.040161 0.191667
4 0.902610 0.211111 0.046185 0.194444
4 0.951807 0.215278 0.048193 0.202778
4 0.984940 0.222222 0.030120 0.194444
