1 0.895918 0.349117 0.048980 0.069021
2 0.912755 0.437400 0.037755 0.049759
2 0.906122 0.397271 0.028571 0.030498
2 0.858673 0.410112 0.037755 0.040128
2 0.823980 0.383628 0.031633 0.035313
2 0.822449 0.356340 0.028571 0.032103
2 0.774490 0.351525 0.030612 0.038523
2 0.703571 0.432584 0.041837 0.049759
2 0.735204 0.460674 0.041837 0.048154
2 0.767347 0.480738 0.044898 0.062600
2 0.794898 0.512841 0.044898 0.052970
2 0.802041 0.524077 0.053061 0.062600
2 0.838265 0.535313 0.064286 0.094703
2 0.703061 0.473515 0.046939 0.048154
2 0.693878 0.514446 0.046939 0.062600
2 0.735204 0.520867 0.045918 0.059390
2 0.715816 0.546549 0.052041 0.081862
2 0.758673 0.555377 0.056122 0.070626
2 0.674490 0.394061 0.034694 0.040128
2 0.667347 0.446228 0.036735 0.057785
2 0.661224 0.466292 0.032653 0.046549
2 0.634694 0.474318 0.040816 0.056180
2 0.625000 0.425361 0.035714 0.054575
2 0.596429 0.437400 0.031633 0.046549
2 0.531122 0.415730 0.031633 0.044944
1 0.496429 0.373997 0.045918 0.080257
1 0.607143 0.533708 0.069388 0.130016
2 0.472959 0.504013 0.041837 0.067416
4 0.500000 0.487159 0.018367 0.052970
2 0.970408 0.407705 0.036735 0.054575
2 0.189286 0.580257 0.043878 0.075441
2 0.294898 0.620385 0.059184 0.069021
2 0.782143 0.588283 0.056122 0.072231
2 0.851531 0.567416 0.066327 0.091493
2 0.723980 0.618780 0.062245 0.078652
2 0.844898 0.677368 0.079592 0.102729
2 0.486735 0.515249 0.053061 0.067416
4 0.547959 0.613162 0.026531 0.077047
3 0.547449 0.626003 0.027551 0.070626
4 0.555612 0.691011 0.027551 0.081862
3 0.554592 0.715891 0.029592 0.073836
4 0.701020 0.780899 0.057143 0.181380
3 0.700000 0.826645 0.057143 0.138042
4 0.759184 0.780096 0.063265 0.195827
3 0.758673 0.833868 0.066327 0.146067
4 0.842347 0.818620 0.082653 0.260032
4 0.832143 0.813804 0.084694 0.250401
3 0.838265 0.882825 0.088776 0.202247
4 0.373469 0.553772 0.020408 0.060995
3 0.374490 0.569823 0.022449 0.054575
2 0.302041 0.461477 0.038776 0.056180
2 0.289796 0.653291 0.073469 0.080257
4 0.196939 0.619583 0.026531 0.077047
3 0.197449 0.638042 0.027551 0.069021
4 0.744388 0.759230 0.052041 0.147673
