4 0.012500 0.790476 0.021667 0.203175
4 0.050000 0.803175 0.040000 0.196825
4 0.070000 0.796825 0.020000 0.152381
4 0.108333 0.801587 0.033333 0.136508
4 0.131667 0.815873 0.030000 0.126984
4 0.195000 0.833333 0.016667 0.092063
4 0.181667 0.831746 0.013333 0.095238
4 0.205833 0.828571 0.015000 0.095238
4 0.434167 0.846032 0.018333 0.079365
4 0.388333 0.795238 0.086667 0.409524
4 0.545833 0.812698 0.095000 0.374603
4 0.625833 0.776190 0.118333 0.447619
4 0.694167 0.853968 0.031667 0.158730
4 0.808333 0.868254 0.030000 0.136508
4 0.930833 0.877778 0.021667 0.104762
4 0.955000 0.873016 0.020000 0.107937
4 0.960000 0.876190 0.010000 0.101587
4 0.974167 0.879365 0.021667 0.120635
