2 0.829787 0.735738 0.027660 0.035235
2 0.818617 0.731544 0.022340 0.026846
4 0.884043 0.807047 0.012766 0.040268
4 0.885106 0.843960 0.014894 0.040268
0 0.885106 0.852349 0.012766 0.040268
4 0.715957 0.856544 0.014894 0.072148
1 0.637766 0.692114 0.041489 0.055369
1 0.561170 0.797819 0.039362 0.041946
1 0.482979 0.671980 0.021277 0.038591
1 0.450000 0.666946 0.021277 0.031879
2 0.388298 0.750000 0.034043 0.050336
2 0.381915 0.771812 0.034043 0.040268
2 0.430319 0.803691 0.041489 0.053691
2 0.365957 0.813758 0.044681 0.050336
2 0.546809 0.816275 0.040426 0.045302
2 0.256383 0.713087 0.023404 0.036913
2 0.256383 0.675336 0.019149 0.028523
2 0.236170 0.695470 0.021277 0.025168
2 0.209574 0.679530 0.021277 0.023490
2 0.209574 0.709732 0.025532 0.030201
2 0.237234 0.730705 0.025532 0.031879
2 0.220745 0.746644 0.026596 0.040268
2 0.212234 0.753356 0.032979 0.036913
2 0.190426 0.770973 0.029787 0.041946
2 0.189362 0.736577 0.021277 0.033557
2 0.169681 0.739933 0.024468 0.040268
2 0.174468 0.789430 0.040426 0.045302
2 0.145745 0.781879 0.034043 0.046980
2 0.132979 0.765101 0.031915 0.036913
2 0.139894 0.812919 0.039362 0.048658
2 0.112234 0.822987 0.045745 0.052013
2 0.085106 0.800336 0.038298 0.046980
2 0.080319 0.773490 0.035106 0.057047
2 0.027128 0.873322 0.052128 0.068792
1 0.443085 0.734899 0.043617 0.083893
2 0.034043 0.796980 0.046809 0.067114
2 0.086702 0.843121 0.047872 0.062081
2 0.343085 0.846477 0.047872 0.062081
2 0.406915 0.866611 0.052128 0.065436
1 0.469681 0.744966 0.045745 0.097315
1 0.512234 0.762584 0.052128 0.095638
2 0.481383 0.794463 0.032979 0.055369
2 0.470213 0.842282 0.042553 0.057047
2 0.505319 0.868289 0.053191 0.082215
2 0.564894 0.837248 0.048936 0.057047
2 0.595745 0.948826 0.070213 0.085570
2 0.426064 0.902685 0.058511 0.073826
2 0.728191 0.796141 0.037234 0.045302
2 0.760106 0.963926 0.075532 0.072148
