4 0.114000 0.784299 0.066000 0.214939
4 0.124000 0.791921 0.074000 0.205793
4 0.155500 0.762195 0.065000 0.253049
4 0.171500 0.704268 0.109000 0.228659
4 0.243000 0.759146 0.072000 0.259146
4 0.231500 0.672256 0.151000 0.228659
4 0.288500 0.783537 0.075000 0.228659
4 0.325000 0.753049 0.082000 0.256098
4 0.310000 0.634909 0.098000 0.248476
4 0.376500 0.784299 0.077000 0.208841
4 0.357500 0.621951 0.135000 0.265244
4 0.411000 0.745427 0.086000 0.280488
4 0.461000 0.783537 0.084000 0.213415
4 0.398000 0.573933 0.128000 0.266768
4 0.467500 0.532012 0.063000 0.256098
4 0.460500 0.666921 0.055000 0.221037
4 0.505000 0.755335 0.066000 0.266768
4 0.522000 0.583079 0.108000 0.269817
4 0.568000 0.626524 0.126000 0.259146
4 0.611000 0.639482 0.110000 0.239329
4 0.652000 0.660061 0.114000 0.240854
4 0.699500 0.690549 0.123000 0.246951
4 0.736000 0.721037 0.118000 0.237805
4 0.762500 0.768293 0.073000 0.259146
4 0.809000 0.791921 0.076000 0.217988
4 0.722000 0.796494 0.074000 0.205793
4 0.680000 0.766006 0.074000 0.269817
4 0.633500 0.788110 0.075000 0.207317
4 0.594500 0.762957 0.067000 0.260671
4 0.551000 0.789634 0.076000 0.210366
3 0.810000 0.852134 0.076000 0.152439
3 0.724500 0.850610 0.071000 0.152439
3 0.635000 0.846799 0.084000 0.157012
3 0.550000 0.846037 0.076000 0.152439
3 0.460500 0.837652 0.075000 0.160061
3 0.377500 0.839177 0.075000 0.157012
3 0.289000 0.840701 0.076000 0.160061
3 0.204500 0.846037 0.073000 0.152439
3 0.125500 0.846037 0.073000 0.158537
