2 0.409970 0.887311 0.186012 0.195076
2 0.391369 0.742424 0.157738 0.162879
2 0.710565 0.835227 0.174107 0.212121
4 0.820685 0.916667 0.069940 0.147727
4 0.965774 0.862689 0.062500 0.164773
2 0.758185 0.626894 0.135417 0.143939
2 0.577381 0.681818 0.125000 0.193182
2 0.523810 0.493371 0.122024 0.138258
2 0.700893 0.542614 0.092262 0.119318
2 0.793899 0.467803 0.090774 0.113636
2 0.579613 0.438447 0.099702 0.123106
2 0.616815 0.395833 0.081845 0.102273
2 0.604167 0.338068 0.062500 0.070076
2 0.163690 0.430871 0.083333 0.107955
2 0.206101 0.404356 0.090774 0.107955
2 0.347470 0.277462 0.078869 0.081439
