4 0.147449 0.611455 0.017347 0.049536
4 0.334184 0.588235 0.025510 0.065015
4 0.440816 0.606037 0.024490 0.109907
4 0.509184 0.604489 0.040816 0.113003
4 0.713776 0.568885 0.023469 0.088235
4 0.796429 0.572755 0.025510 0.089783
4 0.835714 0.571981 0.026531 0.091331
4 0.867857 0.595975 0.023469 0.102167
4 0.977551 0.645511 0.034694 0.126935
2 0.581122 0.578173 0.076531 0.091331
4 0.107143 0.625387 0.028571 0.105263
4 0.196429 0.683437 0.043878 0.091331
2 0.379082 0.870743 0.203061 0.233746
4 0.541327 0.744582 0.058163 0.188854
4 0.968367 0.739938 0.046939 0.157895
