2 0.039562 0.899510 0.075758 0.102941
4 0.101852 0.767157 0.025253 0.073529
4 0.048822 0.736520 0.023569 0.056373
2 0.169192 0.704657 0.052189 0.066176
2 0.237374 0.691176 0.043771 0.068627
2 0.297980 0.683824 0.047138 0.068627
2 0.292929 0.626225 0.037037 0.046569
2 0.260943 0.664216 0.033670 0.053922
2 0.246633 0.567402 0.031987 0.051471
2 0.343434 0.575980 0.033670 0.034314
2 0.345960 0.620098 0.031987 0.049020
4 0.325758 0.768382 0.025253 0.071078
4 0.436869 0.727941 0.021886 0.063725
4 0.554714 0.721814 0.025253 0.071078
2 0.520202 0.631127 0.070707 0.061275
2 0.602694 0.629902 0.060606 0.039216
2 0.432660 0.633578 0.047138 0.046569
2 0.393939 0.616422 0.043771 0.051471
1 0.651515 0.584559 0.053872 0.085784
2 0.787879 0.748775 0.063973 0.085784
2 0.520202 0.789216 0.047138 0.068627
2 0.516835 0.849265 0.070707 0.080882
2 0.518519 0.939951 0.074074 0.085784
2 0.526936 0.906863 0.070707 0.088235
2 0.603535 0.791667 0.052189 0.073529
2 0.614478 0.838235 0.070707 0.093137
2 0.620370 0.873775 0.065657 0.090686
2 0.633838 0.892157 0.085859 0.102941
2 0.637205 0.939951 0.075758 0.115196
2 0.693603 0.800245 0.053872 0.095588
2 0.716330 0.823529 0.058923 0.093137
2 0.729798 0.848039 0.062290 0.127451
2 0.765152 0.937500 0.085859 0.105392
