2 0.699482 0.894277 0.189119 0.211447
2 0.943653 0.902226 0.112694 0.163752
2 0.892487 0.767091 0.163212 0.173291
2 0.844560 0.682035 0.121762 0.152623
2 0.816710 0.657393 0.107513 0.119237
2 0.838731 0.620827 0.097150 0.103339
2 0.781736 0.590620 0.110104 0.122417
2 0.765544 0.549285 0.095855 0.093800
2 0.765544 0.521463 0.085492 0.085851
2 0.736399 0.507154 0.081606 0.082671
2 0.740285 0.480922 0.068653 0.074722
2 0.718912 0.464229 0.082902 0.101749
2 0.698834 0.455485 0.073834 0.077901
2 0.606865 0.554849 0.099741 0.098569
2 0.614637 0.504769 0.081606 0.081081
2 0.609456 0.480127 0.079016 0.069952
2 0.595855 0.468203 0.072539 0.068362
2 0.582902 0.452305 0.075130 0.074722
2 0.963731 0.650238 0.072539 0.108108
2 0.968912 0.607313 0.062176 0.076312
2 0.952720 0.589825 0.094560 0.098569
2 0.917098 0.565978 0.093264 0.095390
2 0.909326 0.528617 0.085492 0.074722
2 0.893135 0.523847 0.089378 0.087440
2 0.865285 0.507154 0.085492 0.082671
2 0.863990 0.467409 0.090674 0.089030
2 0.831606 0.468203 0.085492 0.071542
2 0.814119 0.450715 0.068653 0.071542
2 0.979922 0.503975 0.040155 0.082671
2 0.970207 0.480127 0.059585 0.073132
2 0.958549 0.461844 0.082902 0.074722
2 0.954663 0.442766 0.072539 0.068362
2 0.867228 0.382353 0.058290 0.065183
2 0.785622 0.364865 0.068653 0.081081
2 0.851036 0.360890 0.054404 0.060413
2 0.750648 0.339428 0.053109 0.052464
2 0.650259 0.341812 0.067358 0.069952
2 0.599093 0.325119 0.060881 0.058824
2 0.714378 0.284579 0.050518 0.054054
2 0.773964 0.277424 0.045337 0.052464
2 0.795337 0.302862 0.046632 0.046105
2 0.837435 0.334658 0.047927 0.049285
2 0.628886 0.269475 0.042746 0.042925
2 0.331606 0.903816 0.165803 0.182830
2 0.085492 0.918124 0.168394 0.163752
2 0.314119 0.724165 0.138601 0.141494
2 0.174870 0.639905 0.129534 0.138315
2 0.039508 0.626391 0.076425 0.162162
2 0.064767 0.573132 0.101036 0.087440
2 0.341969 0.631955 0.119171 0.112878
2 0.066062 0.513514 0.103627 0.095390
2 0.123057 0.482512 0.098446 0.116057
2 0.215674 0.524642 0.097150 0.101749
2 0.361399 0.521463 0.101036 0.098569
2 0.251943 0.472973 0.084197 0.084261
2 0.170984 0.448331 0.075130 0.073132
2 0.088083 0.431638 0.080311 0.077901
2 0.174223 0.364865 0.068653 0.074722
2 0.339378 0.413355 0.090674 0.082671
2 0.338731 0.369634 0.063472 0.062003
2 0.419041 0.352146 0.058290 0.084261
2 0.274611 0.324324 0.059585 0.060413
1 0.226036 0.269475 0.073834 0.100159
2 0.323834 0.282989 0.044041 0.063593
2 0.363342 0.327504 0.055699 0.069952
2 0.433290 0.297297 0.050518 0.050874
2 0.297280 0.273450 0.045337 0.047695
2 0.435233 0.259936 0.046632 0.039746
2 0.386658 0.240064 0.042746 0.038156
2 0.443005 0.220986 0.038860 0.041335
4 0.529793 0.627981 0.044041 0.117647
